Composite.Element.REF	P01_Pri	P01_Rec	P02_Pri	P02_Rec	P04_Pri	P04_Rec1	P04_Rec2	P04_Rec3	P05_Pri	P05_Rec	P06_Pri	P06_Rec	P07_Pri	P07_Rec	P08_Pri	P08_Rec	P09_Pri	P09_Rec	P10_Pri	P10_Rec	P11_Pri	P11_Rec	P12_Pri	P12_Rec	P13_Pri	P13_Rec	P15_Pri	P15_Rec	P16_Pri	P16_Rec	P17_Pri_A	P17_Pri_B	P17_Pri_C	P17_Rec1_A	P17_Rec1_B	P17_Rec1_C	P17_Rec1_D	P18_Pri_A	P18_Pri_B	P18_Pri_C	P18_Pri_D	P18_Rec	P21_Pri	P21_Rec	P24_Pri	P24_Rec1	P24_Rec2	P25_Pri	P25_Rec	P26_Pri_A	P26_Pri_B	P26_Rec1_A	P26_Rec1_B	P27_Pri_A	P27_Pri_B	P27_Rec1_A	P27_Rec1_B	P28_Pri	P28_Rec	P29_Pri	P29_Rec
YWHAE|14-3-3_epsilon	0.8265	-0.0071	-0.6973	0.1569	0.2083	1.3591	1.7449	0.1791	-0.4031	-1.2219	-2.1061	-1.777	-1.5456	-0.2229	-1.8814	0.7257	0.906	0.1053	-1.2068	0.9902	-0.1238	-1.5132	0.6367	0.204	2.1415	1.8654	0.4626	1.8251	0.023	0.2708	1.0176	-0.1936	-0.2773	-0.0082	0.759	1.2348	2.0818	-0.0386	-0.5339	-0.0285	-0.6971	-0.7133	-0.0559	1.2526	-0.278	2.5766	1.4044	-0.6776	-0.7839	1.0419	-1.042	1.5373	-0.3021	0.0431	1.016	0.1803	-0.635	-0.5471	-0.2073	-0.4876	-1.3464
YWHAZ|14-3-3_zeta	-0.3833	-0.2151	-0.1381	-0.2076	-0.5587	-0.4391	-1.2439	-2.3887	-0.7486	0.8537	1.3521	0.2543	1.3012	-1.4648	4.6333	-0.8457	1.4826	-0.1444	-0.3538	-1.5754	-0.2246	-0.1602	-0.0643	-0.6476	-1.9093	-0.6131	0.4622	-1.5859	1.12	-1.496	-1.0935	-0.0442	-0.3003	-0.8814	-0.1839	0.4218	1.1204	-0.5279	-0.3619	-0.2225	-0.6749	-0.3494	0.0667	0.3142	0.2449	1.5966	0.7006	-0.2801	-0.051	1.045	-1.0787	-1.261	-1.1027	0.3742	-1.1469	0.5504	-0.2664	-0.7723	-0.016	-0.4838	0.018
EIF4EBP1|4E-BP1	-1.5843	0.0332	0.8506	-0.3269	1.2466	-0.4694	0.647	-0.998	0.0778	-0.926	0.862	5e-04	0.7542	1.0413	0.5871	-0.4205	-1.3205	-0.1131	0.5791	0.6229	-0.7264	2.1855	0.0705	-0.5259	0.6856	0.2443	-0.0371	-0.1035	-1.525	0.1477	0.3901	0.0888	-1.0005	2.0121	-0.8388	0.9526	-0.639	0.0552	0.0035	-0.02	0.0724	-0.1059	-0.4162	0.0213	-0.4319	-2.6658	-0.1943	-0.2748	-0.5701	-0.5033	1.4005	-0.9661	0.5418	-0.6391	0.5535	0.5373	-0.0706	0.3015	-0.5315	-0.2615	0.6924
EIF4EBP1|4E-BP1_pS65	-0.5835	0.3643	0.0848	-1.3221	1.322	-1.5754	-0.4324	-0.2248	-1.0184	-0.6625	-0.6541	-0.5474	-0.6836	-0.8265	1.678	-0.447	2.3633	-0.7253	-0.1527	-0.1105	-1.3428	0.3473	0.1533	-0.9261	0.1396	0.0821	-0.2637	-1.1802	0.171	-1.4284	-0.9117	0.3292	-1.3793	0.8969	-0.593	-0.5992	0.8425	-1.4388	-0.1525	0.3363	-0.0533	0.7775	-0.9876	-0.3209	-0.0499	-0.4284	-0.4631	-0.7425	-0.8773	0.5545	0.1212	-2.0968	-1.4123	0.3504	-0.6993	-1.4499	0.1624	0.1006	0.5672	-1.0831	-0.5295
EIF4EBP1|4E-BP1_pT37_T46	-0.1025	0.9255	0.959	-1.4508	1.075	-0.8795	0.9733	0.3999	-0.1986	-0.226	-0.7036	0.0502	0.1752	-0.0127	2.3723	0.263	-1.7958	0.1083	0.7787	1.2405	-0.781	1.0424	-0.6315	0.0752	0.0399	-0.3106	-1.2869	0.5451	-0.3609	0.4322	1.2449	0.3963	-0.6939	2.0553	-0.8357	-0.3071	-1.8189	-0.8562	0.5523	1.438	0.1221	1.014	-0.6113	-1.5811	0.0919	-0.8168	-2.0578	-0.1619	0.1196	-0.7982	1.3147	0.6596	-0.0719	-0.5661	-0.0881	-1.8187	0.6837	0.1303	0.4321	0.1778	-0.5983
EIF4EBP1|4E-BP1_pT70	-3.7341	-1.2448	0.0889	-0.9062	0.1165	0.0436	-1.3117	-0.032	0.2115	0.9526	1.7195	0.7072	1.0822	-1.0028	1.8227	0.2788	-0.5966	-0.4821	0.3631	-0.8799	0.6559	0.1219	-0.4784	-1.0647	-1.6067	-0.3893	-1.0138	0.1002	-1.1064	-1.3576	-0.6652	-0.1848	-0.8093	-1.0782	0.8104	1.0321	0.3079	-1.2536	-0.5264	-0.2987	-0.0093	0.6853	-0.8451	-0.0296	-0.3308	-0.3337	-1.2721	-1.0966	-0.8929	-0.5654	-0.7754	-0.4046	-1.3027	-0.633	-0.6417	-0.6279	0.2867	-0.3041	0.5139	-0.1886	0.5471
TP53BP1|53BP1	-2.0766	-0.0203	0.3968	-1.9923	0.4376	-1.9206	-0.3968	0.037	-0.8018	0.0122	-0.3135	-1.1629	0.5046	1.7027	-1.4214	0.0276	-1.1405	0.5729	-0.1199	0.5984	-0.4913	0.1897	0.1355	-0.3639	-0.2501	0.0287	0.9978	-0.6668	-0.4778	0.3456	0.5656	0.8119	1.1044	2.7468	-0.3471	0.1445	-0.9641	-0.9194	0.7173	0.9979	-0.5126	0.0965	-0.6228	0.6914	0.0971	-2.2184	-1.6071	-0.7597	-0.4636	-0.3741	1.0484	1.1457	0.7632	-0.846	1.6731	-0.1185	0.201	0.169	1.1208	0.2309	0.4261
ARAF|A-Raf_pS299	-0.4262	0.0477	-0.9426	0.4924	0.0954	1.1727	1.7696	0.143	-0.002	-0.9006	-1.2269	-1.4339	-2.0824	0.6394	-1.722	0.4877	1.0881	-1.0082	-0.8413	0.6745	0.8745	-1.31	2.0336	-0.2869	3.3342	1.2938	0.0713	2.1455	0.0112	0.0388	0.8017	-0.5048	-0.3032	-0.1102	1.22	0.2701	0.0127	1.1833	-0.5311	-0.2294	0.9023	0.3735	0.0355	-0.0888	-0.1807	0.2768	0.87	0.4172	-0.0542	-0.389	-1.0811	1.0196	-1.0409	-0.389	1.3686	-0.4552	-0.0187	0.6434	-1.3908	0.4335	-1.0906
ACACA|ACC1	-0.2546	0.6344	-0.1952	1.1142	1.5478	-0.9308	0.6501	0.8303	-0.4762	-1.0113	-2.2461	-1.6405	-0.2254	1.3542	-1.1155	-0.1367	0.859	0.012	-0.242	0.0999	-0.804	0.2246	0.3136	0.894	-1.1341	-1.0934	1.1771	0.5874	0.8155	0.1493	0.0822	1.3833	-0.1474	2.4503	0.0018	-0.0451	0.0321	-0.5806	0.4598	1.0031	-0.3775	1.0459	0.3393	0.5398	0.6481	-0.0219	-0.0138	-0.3736	-0.4489	0.8725	0.9528	1.2199	0.2804	0.1215	2.1895	-2.5302	-0.2814	-0.065	0.5998	-0.0912	-0.8691
ACACA ACACB|ACC_pS79	0.1412	-0.8501	0.0951	-1.416	2.0864	-1.169	0.5989	0.9309	-0.9926	-0.3715	-1.191	-1.2302	0.2986	1.8354	-1.2833	0.477	-0.726	0.8957	0.4149	0.8199	0.1063	1.0936	0.0311	0.1702	-0.1335	0.0732	0.0802	0.6466	0.07	0.7226	0.1909	0.6454	-0.3241	2.7874	-0.1976	0.3248	-1.2238	-0.5028	0.2947	1.3251	0.2482	0.8012	-0.0396	0.2036	0.5985	-0.717	-0.6175	-0.2218	-0.1525	0.5342	1.0351	1.5992	0.4181	0.0633	2.9124	-1.4357	0.3163	0.2652	1.2065	0.0682	-1.1927
ACVRL1|ACVRL1	0.0515	0.0396	-1.4903	3.7486	-0.2347	0.3611	-0.5817	1.5596	-0.0947	1.9471	1.819	0.3063	-1.7735	-0.4463	0.9762	-0.0293	0.2501	1.0081	-0.9196	-0.4666	-0.5531	-1.76	-0.5639	0.0458	0.1069	0.9765	-0.335	0.386	-0.1911	-0.843	0.2315	0.3951	-0.3144	-1.9137	-0.3199	-0.4253	0.3232	1.0118	-0.2928	-0.3649	0.4282	-0.6122	-0.1554	-0.7094	-0.3665	0.9382	0.1529	-0.0707	0.1795	-0.7836	-0.5949	-0.929	0.7611	0.5979	0.8183	0.2754	-0.5158	0.0425	-0.4418	0.0224	0.09
ADAR|ADAR1	0.1121	0.6792	-0.107	0.3428	0.5672	1.8243	1.6805	0.2322	0.9079	-1.0175	-1.795	-1.2938	-1.2135	0.7708	-2.4031	0.7774	0.9253	-0.0856	-0.7428	0.5461	0.1878	-1.2833	1.0721	-0.0732	2.1038	1.55	0.7881	2.9072	0.1252	0.8123	1.672	-0.2085	0.0546	0.3056	1.383	0.7125	-0.0505	-0.228	-0.0413	-0.2506	-0.2437	-0.22	-0.2274	-0.3333	-0.6375	0.2226	-0.2679	-0.6263	-0.4721	-0.349	-1.6016	1.2743	-0.0563	0.8015	1.8398	0.0566	-0.3748	-0.0859	-0.1277	-0.4054	-1.2525
PRKAA1|AMPK_alpha	-0.2468	0.2217	-1.1993	0.1903	-0.3365	-1.0934	-2.2347	-0.7728	1.7913	1.2005	1.1088	0.3727	0.1519	-0.825	1.8654	-0.6213	1.0285	1.2082	-0.3286	-1.4789	0.7364	-0.551	-0.3333	-0.5543	-1.0849	-1.3267	0.2918	-1.7316	0.8768	-0.8648	-1.2603	-0.4634	-0.0773	-0.2505	-0.4677	-0.5324	0.6173	-1.9859	-0.0768	0.0963	-0.9563	-0.4423	-0.0967	0.9139	0.3343	0.2076	-0.4138	0.2777	0.2835	2.0541	-0.6199	-0.7916	-0.2419	0.0645	-0.81	-1.054	-0.2358	-1.4816	0.9856	-2.4549	0.4484
PRKAA1|AMPK_pT172	-0.6426	-1.6054	-0.8069	-1.0121	-0.1641	-2.3726	-1.2533	-0.7713	-0.9365	-0.6136	-0.6054	0.2146	0.6132	0.0245	1.0277	-0.9313	0.9875	0.8809	0.0864	-1.9943	1.3908	-0.4185	0.0379	0.5833	-0.1254	-0.5001	1.2415	-1.0452	1.0852	0.2148	0.1663	0.1762	1.0369	1.0761	-0.7969	-0.101	-1.0843	-1.4332	0.3122	0.2243	-0.1742	-0.197	0.0698	0.0112	0.8076	-0.2366	0.0738	-0.0599	-0.3209	0.5341	0.3018	-0.8816	0.4989	-0.0555	0.3525	1.8323	0.0038	-0.8259	2.1019	-0.5165	-1.0817
AR|AR	0.0119	-0.4896	-0.6918	0.4426	-0.8355	1.3643	-1.1856	0.881	2.3056	-7e-04	0.414	-0.487	1.3569	-0.8911	-0.4207	-0.255	-1.0223	0.6972	-0.8438	-0.76	1.3973	-0.311	-0.7831	1.2058	0.7047	2.357	0.3357	-0.205	0.094	2.488	1.9408	-0.7866	1.7613	-1.2239	-0.8125	0.1144	-0.1337	-0.2419	-0.4091	-0.5409	-0.1426	-0.5442	-0.4537	-0.6794	-0.0153	0.0356	0.0367	0.2584	0.1071	-0.208	-1.2476	-1.0961	1.9932	1.9579	-0.7011	1.5111	-0.2164	-0.3834	0.3536	-0.2754	1.7482
ARHI|ARHI	NA	NA	NA	NA	NA	NA	NA	NA	NA	NA	NA	NA	NA	NA	NA	NA	NA	NA	NA	NA	NA	NA	NA	NA	NA	NA	NA	NA	NA	NA	NA	NA	NA	NA	NA	-1.0984	-0.0561	1.8981	-0.4264	0.3568	1.0523	-0.2657	0.3053	-0.2293	0.2887	-0.0096	1.0406	0.4596	0.4555	-0.5093	NA	NA	NA	NA	NA	-0.933	-0.4662	1.0191	-0.9153	1.0832	NA
ASNS|ASNS	-0.7564	-0.1782	0.5415	-1.0368	0.6404	-0.9762	-0.1654	1.6024	0.7368	-1.492	1.9552	-0.9813	-0.4421	-0.2239	-1.5274	-0.017	1.2891	0.1001	0.1358	-0.2015	-0.6964	2.2957	0.4393	-1.1883	-0.5006	1.1326	-0.7835	-0.3011	-0.2775	0.5808	-0.6778	0.4394	-1.5224	0.5665	-1.021	-2.273	0.2499	0.6473	-0.9789	-0.5115	-0.4978	-0.3986	-0.6025	0.508	-0.3149	1.8291	0.2292	-0.9166	-1.1825	-0.3677	-9e-04	-1.0319	0.5919	-0.8585	-0.3775	-0.4021	-0.7278	-0.4088	0.1008	-0.3232	0.8511
ATM|ATM	-0.6034	0.2864	1.0005	0.0441	0.624	0.5111	-0.1639	0.9622	1.2565	0.3696	-0.484	0.28	0.6841	1.512	-3.1328	-0.3886	-1.4685	-0.7187	0.0767	0.2129	0.1925	1.1179	-0.2712	-0.6691	0.2136	-0.303	1.4457	0.1894	-0.7933	0.2781	0.1419	0.8444	-0.8434	2.1524	-0.6649	0.0814	-1.2431	-1.1928	1.1084	0.6839	-0.1634	0.0187	-0.2375	0.5637	0.1445	-0.3955	-0.5617	-0.5109	-0.721	-0.1386	1.4339	0.373	1.0057	0.1431	1.109	0.7868	0.2256	-0.2615	0.7515	-0.0078	2.1752
TUBA1B|Acetyl-a-Tubulin(Lys40)	NA	NA	NA	NA	NA	NA	NA	NA	NA	NA	NA	NA	NA	NA	NA	NA	NA	NA	NA	NA	NA	NA	NA	NA	NA	NA	NA	NA	NA	NA	NA	NA	NA	NA	NA	0.6893	1.3201	-0.8056	0.0739	0.2735	-1.0648	0.9069	0.8549	0.9189	0.7254	-0.6475	0.4957	0.0321	-0.9714	0.5881	NA	NA	NA	NA	NA	-1.459	-0.0185	-0.4689	-1.0111	-0.439	NA
TUBA1B|Acetyl-a-Tubulin-Lys40	0.2076	0.6604	-0.2996	-0.258	0.4709	0.1447	-0.7515	-0.64	-1.1146	-0.8961	-1.0568	-0.1223	-1.2071	-0.7135	2.3392	-0.687	1.3785	-0.4419	0.0256	-0.7483	-0.0686	-0.8224	-0.279	-0.1979	-0.953	0.3566	0.6359	-0.8042	1.8935	-1.0115	-0.5991	0.6264	-1.1678	-0.3804	0.6536	NA	NA	NA	NA	NA	NA	NA	NA	NA	NA	NA	NA	NA	NA	NA	-0.2248	-0.6765	-1.5275	0.3647	-0.2196	NA	NA	NA	NA	NA	-0.965
AKT1 AKT2 AKT3|Akt	-1.4923	-0.2321	0.1909	-0.6442	0.874	-1.0281	-0.4871	-1.476	0.4327	-0.3155	-0.9924	0.6428	0.1007	-0.6702	2.6762	-0.2533	1.8084	0.5189	-0.1784	-0.2097	-0.0068	1.0337	-0.0206	-1.5311	-1.2023	-0.8694	0.6355	-1.6675	1.5029	-1.044	-0.9189	0.2947	-0.2665	1.5859	-0.7077	-0.7723	0.7714	-0.9551	-0.3242	0.2213	-0.7091	-0.1368	-0.5787	0.7309	0.23	0.2575	-0.6309	-0.4948	-0.1378	1.4198	0.4074	-1.894	-0.294	0.0047	0.0205	0.1321	0.3024	-0.7511	0.8029	-0.3755	1.1469
AKT1 AKT2 AKT3|Akt_pS473	1.9957	-0.0841	0.3742	-0.8278	-0.566	-0.1844	1.5539	-0.4716	1.4904	-0.1026	-1.1754	0.9657	0.5305	0.1651	-0.9076	0.0475	-1.627	1.4173	-0.2809	0.908	0.1083	-0.6236	-1.0198	1.4457	0.3101	-0.0885	-1.6314	-0.5947	-0.0032	0.5345	0.2083	-0.7062	0.916	-0.1551	-0.7681	0.2694	-0.5718	-0.0523	0.7532	-0.19	0.4154	0.1066	-0.0666	0.038	0.1791	-2.1846	-1.013	0.6116	0.4134	0.2801	1.4405	1.1787	1.3493	0.6446	-0.2884	-0.3041	1.774	-0.4159	1.0482	-0.1935	0.2693
AKT1 AKT2 AKT3|Akt_pT308	1.622	-0.2529	0.0886	-1.0587	0.1305	-0.6178	1.4268	-1.0883	1.4838	-1.2281	-0.8509	0.0602	0.1106	-0.1731	0.2729	-0.0636	-1.0179	1.4985	-0.0794	0.3307	-0.0533	-0.3574	-0.689	1.5124	-0.1223	-0.3547	-1.3777	-0.9133	-0.0615	0.4196	-0.1905	-0.8039	0.8577	-0.3258	-0.3111	0.2996	-0.5054	-0.1066	0.7491	0.1225	0.0145	0.2582	0.4844	-0.0194	0.2712	-0.0764	-0.3155	0.4247	0.9331	0.8379	1.1787	0.7539	1.1035	0.3553	-0.5306	-0.4803	1.4741	-0.3558	0.8258	0.1076	0.8956
ANXA1|Annexin-1	-0.0404	-0.8713	-0.3211	0.243	-0.6792	-0.3823	-0.4925	0.0969	2.9629	0.7895	2.2761	1.1564	0.1267	-0.4964	-1.1803	-0.6923	-0.8807	0.238	-0.0638	-0.5754	1.2828	-0.4144	-0.316	-0.9167	-0.2673	0.1246	-1.1541	-0.1861	-0.8653	-0.447	-0.3865	-0.726	2.7893	-0.1714	-0.6825	NA	NA	NA	NA	NA	NA	NA	NA	NA	NA	NA	NA	NA	NA	NA	-0.2216	-0.2694	0.8702	-0.8455	-0.3854	NA	NA	NA	NA	NA	2.1351
ANXA1|Annexin_1	NA	NA	NA	NA	NA	NA	NA	NA	NA	NA	NA	NA	NA	NA	NA	NA	NA	NA	NA	NA	NA	NA	NA	NA	NA	NA	NA	NA	NA	NA	NA	NA	NA	NA	NA	-0.1779	-0.549	0.909	-0.7095	-0.1822	0.2751	-0.6929	0.0913	-0.9408	-0.2673	-0.4912	-0.0774	0.0911	0.9651	0.8443	NA	NA	NA	NA	NA	2.288	0.028	0.2486	1.0802	0.3437	NA
ANXA7 |Annexin_VII	2.275	0.9165	-1.1521	2.1318	-0.8136	0.7499	0.6086	0.1916	-0.4994	-1.5526	-2.1487	-0.509	-1.6825	-0.3712	-0.5499	-0.491	-0.2426	1.0125	-1.0819	0.1579	-0.1948	-1.8892	-0.2392	2.0183	-0.4724	0.1255	0.1766	0.5123	0.2263	-0.0612	0.1236	-0.215	1.5634	-0.8503	0.5584	0.8243	0.1878	-0.0803	0.072	-0.816	-0.4065	-0.3025	0.371	-0.129	-0.3418	-0.8689	0.3394	0.5326	0.9632	1.7298	-1.2836	1.385	0.4918	0.6511	-0.2277	0.3867	-0.253	-0.0535	0.7946	-0.3878	-2.6448
BRAF|B-Raf	-1.1101	-0.0095	0.0323	-1.4273	0.2373	-1.648	-0.7946	-0.6876	-0.6281	-1.2611	-1.0039	-0.3973	-1.4216	-0.5481	2.3032	-0.1809	1.7253	-0.9853	0.9242	-0.9159	0.7055	0.5978	1.0032	-0.8533	-1.1957	0.209	0.7183	-1.3577	1.5769	-0.4213	-1.4489	0.8635	-0.004	-0.02	-0.1821	0.2756	1.5015	-0.674	-0.598	0.674	-0.8738	0.3449	0.1464	1.0762	0.8909	-2.2106	-0.2315	-1.6421	-0.4243	0.9753	-0.3685	-1.0707	-1.8694	-0.6317	-1.2846	-1.6451	-0.7397	-0.8335	0.0668	-0.3631	-0.5028
BRCA2|BRCA2	-0.7198	0.1241	-0.1195	1.0655	0.259	1.1205	0.4112	2.6345	-0.3967	-0.2492	1.0861	-0.8572	-0.8712	0.1999	-2.8269	1.4158	0.1343	0.6977	0.0389	0.989	0.0462	-1.3277	0.0035	0.7644	0.8293	1.9311	-0.3428	1.2807	-0.3239	0.2678	0.5877	-0.4153	0.3277	-0.2887	0.109	-0.5051	-0.7529	0.7626	-0.6579	-0.7309	0.7995	-0.4353	-0.5199	-1.1252	-0.4893	-0.099	0.2611	0.5087	-0.5307	-0.5584	-0.6223	-0.2897	1.1654	0.28	1.6944	0.261	-0.0273	0.4432	-0.4585	0.138	-1.138
BAD|Bad_pS112	-0.3012	0.0389	-0.0361	-2.103	-0.592	-1.0098	-0.1388	0.8346	2.1782	1.591	1.601	0.6934	0.6304	0.2848	-0.9529	-0.7523	-1.4654	-0.2001	-0.3568	-0.0648	-0.2179	1.6733	-0.9271	1.9018	0.0096	0.2567	-0.6455	-0.4215	-0.5799	0.0534	0.0431	-0.4387	2.1386	1.1025	-0.2452	-0.4409	-1.2765	-0.7278	0.551	0.4254	-0.2774	-0.3811	-0.4525	-0.6976	-0.0156	-0.7174	-0.6992	-0.2322	0.9357	0.35	0.1331	1.3321	0.108	-1.055	0.0621	-0.2528	0.586	-0.2179	1.1111	-0.4709	1.8178
BAK1|Bak	2.8357	-0.4978	-0.1218	0.0332	-0.4267	1.0095	-0.1218	-0.3467	-0.6392	-0.4529	-0.1218	0.307	-0.8241	-0.0356	0.1488	0.555	0.0048	-1.2837	-0.1071	0.2024	0.7327	-0.8858	0.4393	0.0421	1.1086	0.5402	-0.4272	1.7335	-0.5292	-0.5407	1.1763	0.1324	-0.0017	-0.8237	0.668	1.314	-0.1864	1.6865	-0.1323	-0.0792	0.6455	-0.5547	-0.4839	-0.2144	0.0627	0.0024	0.8383	0.2419	0.0077	-0.8837	0.1501	0.1813	-0.9592	-0.2755	0.2578	1.9425	-0.9437	0.6198	-1.1275	0.0839	-0.1049
BAP1|Bap1-c-4	-2.9995	-0.0333	1.0738	-2.1221	0.1571	-0.3483	0.5016	-0.3826	1.6059	0.9576	-0.3507	0.5275	0.8272	1.4901	-1.8947	-0.4553	-0.464	-1.6228	0.2269	0.2267	-0.3881	1.0795	0.4418	-0.1718	-0.0151	0.5465	0.3895	0.161	-0.2725	0.1164	0.0129	0.5334	-0.4222	1.557	-0.3368	-1.1197	-0.5271	0.8694	0.4874	0.8001	0.3743	-0.1725	-0.1192	0.1619	-0.0295	-1.9887	0.0179	-0.6412	-0.2238	-0.4951	1.9081	1.0901	0.0212	-1.3999	0.6802	-1.3437	-0.3167	0.482	-0.2332	0.1361	1.0785
BAX|Bax	-0.2399	0.8262	0.0351	0.2129	1.2331	-0.0667	-0.0038	0.6685	1.7007	3.3264	2.8576	0.5591	0.5799	-0.6012	1.1159	-0.3995	-1.5483	0.0916	0.3131	-0.6792	-0.0275	0.9776	-1.4732	-0.9517	-0.7919	-0.682	0.1081	-1.3878	-1.0661	-0.0124	-0.0692	0.0827	1.0105	0.1123	-0.7903	0.2795	-0.3635	-0.4037	-0.1112	-0.4075	-0.3183	-0.6871	-0.7247	0.2003	-0.7009	0.38	-0.7478	-0.1979	-0.306	0.2018	-0.2012	-0.8407	0.4939	-0.0662	-0.2462	1.1264	-0.3979	-0.438	-0.1396	-0.3036	1.803
BCL2|Bcl-2	1.3513	0.1609	-0.7531	1.1335	-0.0109	-0.394	1.0098	-0.8394	2.2887	-0.4722	-0.3249	-0.6832	-0.2689	1.604	-1.1182	-0.5721	-1.0053	0.2867	0.1496	0.0154	-0.2322	-0.4242	1.27	-1.3055	-0.6726	0.0035	0.6801	1.609	-0.5262	0.2166	0.448	0.2887	0.6814	-0.427	0.2277	-0.4222	-0.3132	0.0101	-0.4266	0.0568	-0.1484	0.5337	0.1496	0.0504	-0.4701	-1.1978	0.0312	0.0664	-0.1131	-0.1317	-0.7766	2.1746	0.7491	0.0043	2.3747	0.3996	-0.2161	0.2027	-0.3059	0.7158	-0.5931
BCL2L1|Bcl-xL	-1.9042	0.1824	-0.8486	0.1524	0.2925	-0.2552	-0.3945	-0.3431	-0.1881	1.2764	2.4032	-0.1394	-0.35	-1.0682	0.8129	-0.4868	0.0283	-0.5823	-0.4241	-0.9721	0.0066	-0.7933	-0.6976	-0.148	-1.111	-0.445	-0.742	-0.8989	-0.5668	-1.2713	-0.735	-0.6634	-0.4414	-0.0458	0.0475	-0.6746	1.9363	-1.0971	-0.7003	-0.3485	-1.355	2.0732	1.0351	0.8657	0.3845	1.9961	-0.3797	-0.6478	0.0183	0.9472	-1.0649	-2.2325	-0.4755	-0.4637	-0.7901	-0.4637	1.8031	-0.268	-0.1638	-0.0129	-0.7005
BECN1|Beclin	-2.6656	-0.6442	-0.8927	0.8011	-0.5672	-0.2026	-0.1135	0.4397	1.4289	2.0983	-1.0471	-0.1353	0.1255	-0.179	2.8379	-0.6153	0.6214	-1.7609	-0.879	-0.6137	-0.9375	-0.5511	0.3005	-0.674	-0.1357	-0.8393	0.5099	0.3987	0.525	-0.2836	-0.1522	-0.1938	-0.1509	-0.0641	0.8371	0.3194	0.6117	1.1636	0.3289	0.0228	0.6875	0.0601	0.2132	-0.2547	-0.3086	-0.6273	0.6911	0.1839	3.3911	-0.6366	-1.7715	1.6688	-1.6099	-0.6411	-0.1116	-0.8483	-0.2477	0.4262	-0.9002	-0.1165	-0.7903
BID|Bid	-0.2342	-0.1871	-0.545	-0.1961	-0.0945	-0.1038	-0.0492	2.7798	-1.575	0.2155	2.0014	-0.8593	0.2907	-0.3079	-0.0086	0.774	-0.4988	0.6059	0.0177	-0.3376	-0.5173	-0.9546	-1.1453	0.7803	-2.0495	0.7551	-0.718	-1.1598	-0.9425	-1.0793	-0.7856	-0.5105	-1.0619	-0.592	-0.7171	2.5325	0.0848	-0.7806	-0.1375	-0.5601	-0.4698	-0.2778	-0.3497	-0.0942	-0.8249	1.1922	-0.1464	-0.3828	-0.4669	0.611	-0.056	-1.1519	1.538	-0.8243	-0.1913	2.2658	-0.2852	-0.482	0.9684	-0.4352	-0.0264
BCL2L11|Bim	0.6188	0.9772	0.8075	-0.742	-1.5723	0.3842	-0.502	-0.6066	-0.4878	-0.5075	0.4196	-0.8856	0.4951	0.414	-0.3423	0.4773	-1.8242	-0.8895	-0.9226	0.6769	-0.8984	1.375	0.7103	0.9898	-0.3394	0.9293	1.7696	0.47	-1.2441	-0.0471	0.2372	0.1273	-0.526	0.4259	0.4159	-0.5251	-1.5999	-0.0351	0.1977	0.7923	-0.112	0.0914	-0.4094	-1.2055	0.3154	-0.7096	-0.8526	0.1278	-0.2248	-0.9402	0.1407	1.4026	0.6427	0.0659	1.7907	0.1724	-0.3599	-0.3373	-0.7823	0.4085	0.825
RAF1|C-Raf	-0.7827	-0.0905	1.3382	-1.2973	0.4655	-1.8569	0.365	0.1361	-0.0439	0.1119	-0.559	-1.0446	1.8903	1.755	-1.9363	-0.71	-0.3858	-0.9637	0.0925	0.1367	-0.5502	2.6199	-0.1909	-0.0859	-0.4025	0.2204	1.4789	-1.1601	-0.3886	0.0692	-0.0475	0.948	-0.3242	2.6069	-1.5949	0.6643	0.1632	-1.3078	0.5638	0.8888	-0.6676	0.6617	-0.2041	0.6446	0.3668	-1.6233	-0.4268	-1.0678	-1.3403	0.4832	1.8012	0.8307	0.0075	-0.3645	0.6247	0.2677	0.1113	-1.0291	1.5002	-0.1186	1.8515
RAF1|C-Raf_pS338	1.8686	-0.0199	-0.6696	0.5486	0.2365	0.4081	1.0466	1.1456	-1.0487	-0.8476	-0.7754	-0.2606	-1.7717	1.0358	0.2214	1.3072	0.4294	-0.6158	-0.3083	0.2237	0.9913	-0.735	0.7497	0.4528	2.3377	1.5694	-0.7091	1.6877	-0.0505	0.3404	0.3104	-0.2661	0.0396	-0.8041	1.4426	-0.6315	0.1807	-0.2466	-0.9043	-0.7695	-0.4923	0.3997	-0.7388	-0.9234	-0.8274	-0.2047	-0.3022	-0.0193	-1.0589	-0.8664	-0.8897	-0.7848	0.394	-0.981	1.3258	-0.0357	0.4462	-0.6676	-0.0683	-0.3624	-1.075
MS4A1|CD20	-0.555	-1.2251	-1.0736	-0.0291	-0.2333	0.4897	-1.1759	0.5934	-0.8882	0.468	0.5663	-0.7407	-0.5954	-0.1847	0.5101	0.9379	0.2975	-0.723	-0.7286	-0.5004	0.4481	-1.0917	-0.5252	0.4629	-0.0783	0.2265	-0.3736	0.4211	-0.0318	-1.0859	-0.1965	0.1731	-0.6337	-0.8286	1.2853	-0.9447	0.2929	-0.3387	-0.5865	0.0846	-0.5774	1.8891	-0.2978	1.0636	-0.7218	0.4153	0.5456	-0.5478	-1.1964	0.1059	-0.6469	-0.6925	-1.5972	-0.2482	-0.2283	0.4505	0.1207	-0.1962	-0.2568	-0.2733	-0.0983
PECAM1|CD31	-0.1888	0.0544	-0.5511	0.4009	-0.5035	1.2801	1.5589	0.8583	0.0812	-0.9881	-0.9561	-1.1003	-0.8755	1.0421	0.0287	0.9552	0.8744	-0.454	1.1446	0.3649	-0.0313	-1.0646	0.8651	0.5253	1.0117	1.1052	-0.1305	1.9798	-0.2303	0.2624	0.4841	-0.0242	-0.0722	-0.244	0.768	0.8742	0.1499	1.6529	-0.2135	-0.0673	0.6212	0.0153	0.2484	-0.7357	-0.0235	0.5098	1.1954	0.3192	0.0865	-0.6441	-0.9111	0.4311	-0.1038	0.2445	1.4482	-0.8322	-0.2765	0.7752	-0.7215	0.3495	-1.5709
ITGA2|CD49b	0.7884	1.2754	-0.4626	0.7315	-0.9199	2.5261	-1.4261	-0.7105	1.2505	2.7637	3.4252	1.9768	-0.9616	-0.2756	0.3035	1.5004	-0.9969	-0.3967	-0.4344	-1.2044	1.179	-0.2673	-0.48	1.2066	-0.2914	-0.8467	-0.9899	0.4336	0.5597	0.2553	1.1459	0.484	2.8969	-1.1787	0.1234	0.0834	-0.2302	0.3769	-0.7834	-0.5534	-0.2434	-0.0288	-0.16	-0.1587	-0.3789	0.3608	0.0183	0.4203	0.2885	-0.0522	-0.9166	-0.868	-0.2167	0.9762	0.3571	0.4189	-0.0914	-0.0208	-0.7098	-0.2029	-1.2029
CDC2|CDK1	0.8608	0.86	0.8324	-0.0554	-0.6383	-0.2226	-0.7616	0.7358	-1.0483	1.6626	1.488	1.7134	0.1741	-1.2918	0.6994	-0.1302	-0.4949	0.9634	-0.752	-0.7394	-0.4838	0.601	-0.6616	-0.843	-1.0324	-0.2125	3.7302	-1.0989	0.5013	-0.9217	-0.5786	-0.2235	-0.825	0.0012	0.0222	-0.0179	-0.1898	-0.1333	-0.5125	0.2467	-0.2649	-0.5249	0.0746	0.0824	-0.2633	0.543	-0.052	-0.1554	0.5609	-0.3016	-0.8113	-1.0663	1.1605	-0.2403	-1.0598	-0.4142	-0.5161	-0.0775	-0.4022	-0.3899	0.1372
CASP7|Caspase-7_cleavedD198	0.9566	-0.7248	-1.4435	-0.0922	0.1309	0.948	0.5611	1.2239	2.1149	-0.6379	-0.6543	-1.2758	-1.2086	0.3444	-1.1147	1.2243	0.2513	0.2544	-0.6475	0.8436	0.7572	-1.4614	0.9139	-0.8407	1.7161	1.8152	-0.6471	1.7628	0.0087	-0.2421	1.025	-0.3437	-1.182	-0.6187	0.6468	0.6308	-0.0696	-0.0306	-0.8938	-0.5	0.1107	-0.0529	-0.6831	-0.3559	-0.6994	0.6247	0.2942	-0.0175	-0.6849	-0.7874	-2.1771	0.4234	0.1273	-0.466	1.5976	1.6638	-0.2586	-0.3475	-0.4132	-0.4136	-1.5952
CAV1|Caveolin-1	-0.687	-1.6647	-0.1412	-0.8012	0.2581	-0.5249	-0.4711	0.3606	1.0357	-0.3529	3.4704	2.578	2.2888	-0.8631	-0.7241	-0.1306	-0.5775	0.7664	0.9892	-1.0294	1.1045	0.273	-0.6595	-0.6027	0.098	1.1027	-1.4115	-0.1395	-1.1121	-0.4857	-1.1243	-1.3233	1.6615	0.2458	0.0995	-1.6846	-0.3811	0.4955	-0.4468	-0.3384	-0.4489	-0.5146	0.15	-0.8412	-0.0789	-0.6558	-0.7924	-0.4019	0.5289	0.3814	-0.3526	0.7453	-1.1244	-1.1148	-0.6241	1.8366	0.36	-0.4924	-0.3126	-0.4628	-0.0566
CHEK1|Chk1	0.1579	-0.4527	-1.0441	2.0552	-0.2806	0.5844	-0.4837	0.704	-1.3042	-0.598	0.1438	1.1534	-0.4194	0.1623	0.5176	0.4459	-0.6938	0.1368	0.2876	-0.5543	0.0781	2.0121	-0.354	0.3755	-0.1951	-0.0716	-0.9862	0.2645	-0.2925	-0.7393	-0.128	-0.3046	-0.0523	-0.65	1.5526	-1.6316	-0.6999	2.2167	-0.8604	-1.1607	1.2087	-0.173	0.5405	-0.6779	0.0915	-0.2064	0.5261	0.7044	0.2057	-1.2829	-1.02	-0.7755	-0.5151	0.1576	-0.487	-0.8529	-0.0884	1.0837	-0.8631	0.8848	-0.7655
CHEK1|Chk1_pS345	0.7879	0.7329	-0.2646	-1.0106	1.232	-0.57	-0.2806	-1.4189	-1.4069	0.4327	0.1369	0.3265	-0.2755	-0.628	0.3881	1.3782	-0.5922	1.5345	-0.0445	-0.2771	1.1513	0.4998	0.2676	-0.7463	-0.0566	-0.3675	-0.7259	0.1326	0.385	-0.9868	-0.344	0.2488	-0.6122	-0.5622	0.8141	-1.9954	0.0557	-0.3745	0.0835	-0.0739	-0.159	1.7002	0.5512	0.3441	-0.2606	0.0322	-0.9929	0.0864	0.3259	-0.6417	-1.8963	-1.4525	-1.1923	-0.3482	-0.3769	-1.4605	1.6266	0.7634	-0.1852	0.6612	1.4158
CHEK2|Chk2	1.1353	0.9941	-0.2711	1.6717	0.3117	0.8928	-0.053	0.0367	0.3956	0.612	0.0701	-0.1883	-0.1214	-0.6128	2.5572	-0.4109	4.3543	-0.1599	0.0313	0.533	0.0052	0.3274	0.2648	0.1948	-0.729	0.1469	-1.4493	-0.6772	-0.8519	-0.0656	-0.7552	-0.7643	-1.2458	0.1909	0.2046	0.4709	-1.1124	0.501	-0.2842	-0.9557	-0.1094	-0.613	-0.0067	-0.6687	-0.336	-1.2014	0.0343	0.8086	1.0621	-0.3865	0.572	-0.8145	0.0126	-0.6623	-0.4384	0.4722	0.8446	0.3197	-0.2049	-0.0958	0.2913
CHEK2|Chk2_pT68	0.59	-0.7026	-0.8174	0.1764	-0.2289	0.5497	-0.1184	1.1181	-1.4085	-1.142	-0.3427	-0.5027	-1.5622	-0.231	-0.1015	0.5028	0.0624	-0.512	0.0855	-0.3079	0.7086	-1.1986	-0.3413	0.4291	1.0055	0.6152	-0.3855	0.6206	-0.5951	-0.7231	0.5245	-0.7511	-0.5678	-1.4567	0.8883	-0.734	0.6626	-0.3771	-0.622	-0.7234	-0.247	1.6765	-0.0362	0.8236	-0.6503	0.3391	0.0448	-0.2782	-1.253	0.0647	-1.7311	-1.4658	0.1796	-0.5136	0.3331	1.4284	0.4252	0.0829	-0.1465	-0.2981	-1.2509
CLDN7|Claudin-7	3.3718	-0.765	-1.5457	0.7553	0.3138	0.0972	-0.9773	0.1383	1.536	1.2813	0.3893	-0.1557	-0.8627	-0.7876	0.4372	0.2732	0.971	-1.0431	-0.3259	-1.081	0.7782	-0.8196	0.2136	-0.2108	0.2371	0.277	-0.4789	0.0677	0.1045	-1.393	-0.9593	-0.6767	-1.2033	-1.4755	1.2885	0.2809	0.7377	1.1497	-0.7289	-0.6338	0.675	0.3764	0.251	-0.4023	-0.2677	0.4916	-0.5769	0.1138	-0.3631	0.0301	-2.1644	-1.2324	-0.9705	-0.3144	-0.3968	0.0947	0.0538	0.2171	-1.9407	0.439	-1.1603
COL6A1|Collagen_VI	5.3852	0.5804	-1.1928	0.4153	-0.5432	0.0568	-1.0885	2.5593	-1.5439	0.8922	0.4573	0.2642	-0.3337	-0.449	1.1985	-1.4813	-0.3754	-0.9402	-0.63	-0.3464	-0.7782	-0.692	-1.2891	1.187	-2.0462	0.132	0.3725	-0.7819	0.8492	-1.2485	-0.8362	0.4775	0.6379	-0.0947	-0.3634	2.0269	-0.2952	-0.0426	-0.2385	-0.1608	-0.6513	-0.4763	-0.4855	0.1126	-0.9881	1.1319	0.1601	-0.0501	-0.3174	0.5426	0.2441	3.8218	0.3619	-0.4382	-1.0498	0.7668	-0.6044	-0.9236	-0.597	-0.3908	-1.4519
CCNB1|Cyclin_B1	-0.0516	0.46	2.8323	-0.2135	-0.0756	0.281	-0.1226	-0.1953	0.2825	-0.7334	0.5087	0.4718	0.2165	-0.5223	-0.9939	-0.2456	-0.3711	-0.3033	0.2506	0.3586	-0.4124	3.1181	0.0143	-0.4894	0.4362	0.5059	-0.3178	0.0467	-0.776	-0.1276	-0.1714	0.8948	-0.8125	-0.2251	-0.5669	-1.2534	-0.719	0.5798	-0.4336	-0.5676	0.4944	-0.7072	-0.4211	-1.419	-0.4035	-0.4487	-0.0385	-0.1341	-0.3116	-1.097	1.9978	-0.1265	0.8345	-0.2208	-0.1967	-0.3099	-0.3357	0.347	0.0585	0.3042	1.7475
CCND1|Cyclin_D1	1.829	0.5085	0.1887	-1.4701	1.1651	-0.5119	-1.3815	-1.5475	0.1567	1.5728	1.9468	-0.0527	-1.5331	-0.3158	1.1136	-0.048	-0.8922	2.0421	-0.831	-0.2543	-0.1113	-1.3563	0.8351	0.8974	-1.1777	-0.5795	-0.3726	0.1345	1.0571	0.8225	0.1946	0.9907	-0.3279	-1.5135	0.4699	0.2193	0.4891	-0.7863	0.8584	-0.4609	-0.8509	0.278	1.565	-0.2983	0.7613	-0.5427	-0.5213	0.7135	1.6451	0.6426	-0.5094	-0.3289	-0.281	1.066	0.984	-0.3995	0.1559	0.885	-0.1619	0.8279	1.1354
CCNE1|Cyclin_E1	0.4489	1.1881	-0.2962	0.1406	-1.0767	0.7092	0.694	-0.1442	1.2606	0.6232	0.1574	-0.9051	-0.5566	0.3367	-1.7498	0.0208	1.4512	0.0789	-0.4925	2.4429	-0.5159	1.9363	0.8072	-0.81	1.564	0.505	0.8796	0.4845	0.3359	1.1838	1.2743	1.4251	-0.5537	-0.2979	-0.9098	-1.4385	0.1654	0.8146	-0.31	0.1504	0.3872	-0.38	-0.3065	-0.5146	-0.3521	0.2374	0.6711	0.1049	-0.4464	-0.7075	0.2783	-0.3296	1.8922	0.5485	0.3921	-0.9967	-0.1348	-0.014	-0.5693	-0.0203	5.6282
CCNE2|Cyclin_E2	2.0162	-0.3175	1.1759	0.0492	0.1192	0.9886	0.5758	-0.9033	-1.2547	-0.8062	-1.067	-0.1313	-0.3124	-0.2965	-0.7636	0.8089	0.1923	-0.5462	0.0375	0.2764	0.6208	1.1465	0.945	-0.2751	0.9011	0.9723	-0.4073	1.9041	-0.0751	-0.298	0.6608	0.071	-0.1725	-0.0177	2.1931	-2.1131	0.1472	-0.6493	0.3848	-0.1551	-0.0814	0.907	-0.8907	0.4241	-0.6006	0.0332	-0.3077	-0.2875	-1.146	-0.4703	-0.9962	0.5372	-1.087	-0.5551	0.4715	1.2544	0.4736	-0.4744	-0.3317	-0.2364	1.8915
PARK7|DJ-1	2.4933	0.206	0.0754	3.3767	-0.6071	0.7081	-1.3456	-2.57	1.5193	0.8471	0.8373	0.2915	0.1478	-1.1639	3.2376	-1.0939	-0.6398	1.5478	-1.5053	-0.321	-0.5082	-0.3288	-1.1993	-0.1326	0.65	-1.1974	1.1325	-1.6535	0.6469	-0.1566	-0.5439	0.8193	0.9263	-2.3555	-0.4569	0.9987	-0.3409	-0.8979	-0.1069	-0.6855	-0.3535	-0.5931	0.5416	-0.6685	0.0784	1.374	0.0884	1.0794	1.6496	1.0281	-0.483	0.9816	0.6227	1.3023	-0.8783	1.4857	0.4609	-0.2823	0.1114	0.0226	0.3587
DIRAS3|Di-Ras3	-0.1795	-1.0689	-0.0882	1.6389	-1.4947	-0.0716	0.3191	2.5883	0.1128	0.3536	0.2579	0.0936	0.4344	0.1303	0.1642	-1.0464	0.0369	-1.5568	0.1908	-0.5818	-1.0995	-1.1657	-0.3894	1.2068	0.075	0.1171	0.0509	0.0563	-0.9103	-1.0947	0.6669	0.385	-0.5397	-1.8042	0.2109	NA	NA	NA	NA	NA	NA	NA	NA	NA	NA	NA	NA	NA	NA	NA	0.2603	0.2696	0.5479	-0.2263	-0.9759	NA	NA	NA	NA	NA	-0.4548
DVL3|Dvl3	-1.9916	0.7968	-0.0026	-2.6775	0.0135	-2.402	1.7015	-2.2498	-0.4576	0.3498	-0.926	-1.2435	1.9692	0.1622	-0.3592	0.6699	-0.4591	0.7224	-0.4461	0.1365	-0.0919	-0.692	1.3084	-0.8192	1.299	-0.0624	1.9859	-0.8057	-0.7105	0.6036	-0.0641	1.5801	0.9171	2.1205	-0.8608	-1.6037	-0.4394	-0.096	0.2855	0.691	0.0404	-0.4384	0.1984	0.6352	0.0988	-1.183	0.4017	-0.2559	0.0741	0.4428	1.3584	1.3502	-0.1461	-0.7081	0.2849	-0.698	-0.3485	-0.4393	-0.1327	0.3396	1.3667
CDH1|E-Cadherin	1.2294	3.914	1.3739	-0.7035	-0.4071	0.1089	0.2086	1.4983	0.0292	-1.292	1.3209	0.7063	1.1461	-0.0383	-0.3965	-0.212	0.1021	-0.0287	-0.7055	1.5626	0.2588	1.4672	0.1941	-0.7401	0.7709	-0.2153	2.2166	0.6736	-0.2246	0.6265	0.2225	1.4624	-0.0374	-0.2566	-0.4207	-1.7529	-0.6733	1.125	-0.8448	-0.1663	1.2392	-0.2878	0.137	-1.281	0.1885	-1.7481	0.0149	-0.0144	-0.1573	-0.1281	-0.1038	0.1738	3.2099	0.608	0.8018	-1.9304	0.8046	1.0429	-0.2548	0.5844	-1.1451
EGFR|EGFR	-0.2426	0.1401	0.3521	-0.2453	0.9045	-0.5312	1.0846	-1.2125	-0.335	2.083	2.131	-1.2843	-0.2604	0.3821	-0.7768	-0.5799	-0.7803	-0.1875	-0.2365	-0.0409	-0.6359	-0.6192	-0.7927	0.3468	-0.1409	-0.898	0.8104	-0.5442	-0.1925	-0.2379	-0.2524	0.1189	-1.1259	0.4795	-0.0923	-0.1209	0.5827	-0.564	0.2527	0.5226	-0.3079	-0.3297	-0.5227	0.3726	0.0808	-1.31	-0.5292	-0.5176	0.2224	-1.019	-0.8782	0.5442	0.2786	-0.3896	-0.9056	-1.0731	-0.4093	-0.2138	-0.4375	0.0411	1.7533
EGFR|EGFR_pY1068	0.8564	-0.4107	0.3354	0.3633	0.1105	0.0519	2.0231	-0.3418	-0.2991	0.0685	4.868	-0.566	0.5845	1.0277	-0.1676	-0.4057	-0.4991	-0.5972	-0.6208	1.2706	-0.3468	-0.0963	-0.3092	-0.0688	0.9545	-0.3614	-0.0924	0.1364	-0.2687	0.0987	-0.0227	-0.5217	-0.4973	-0.3595	-0.1632	-0.3641	0.7173	0.199	-0.1833	-0.0083	0.0422	0.0341	0.0374	0.0936	-0.0036	-0.5288	-0.0612	0.0812	-0.2527	-0.5328	-0.8067	-0.2	-0.2279	-0.5015	-0.242	-0.3314	-0.238	0.06	-0.4696	0.0974	1.0097
EGFR|EGFR_pY1173	-0.2513	-0.0742	-0.3552	0.4761	-0.0245	-0.1412	-0.122	0.1327	-0.6732	-0.0754	4.0938	-0.4362	-0.3125	-0.2991	-0.1917	-0.1766	-0.1064	-0.1083	-0.4333	-0.2138	-0.4287	-0.6558	-0.6231	0.6599	-0.2284	-0.339	0.1131	-0.4914	0.1203	-0.6088	-0.1773	0.1097	-0.3182	-0.4974	-0.2262	-0.4635	0.2639	-0.3297	-0.2428	-0.2055	-0.417	-0.1322	-0.2298	0.0726	-0.2979	-0.2258	-0.1771	-0.1194	-0.5275	-0.4716	-0.5697	-0.7462	0.0361	-0.4267	-0.5851	0.3298	-0.171	-0.3523	-0.1412	-0.356	-0.006
ESR1|ER-alpha	2.2719	0.1959	-0.1907	0.4629	-0.3431	0.7751	0.9318	2.0906	-1.4526	-1.2642	-0.5397	-1.5297	-1.5189	0.5872	-1.5913	1.1519	0.2218	0.1685	0.0539	0.3266	0.2366	-1.095	0.8177	0.1742	1.5205	1.6993	0.4124	0.8542	-0.3749	0.1511	0.3643	-0.3667	-0.5611	-0.5993	0.0268	0.6847	-0.8457	1.4232	-0.1381	-0.3709	1.3493	0.0014	-0.2806	-1.0293	-0.2505	-0.108	0.9177	0.6776	-0.3875	-0.8898	-1.0881	-0.0383	1.1785	-0.2251	1.5205	1.2684	-0.8707	1.5983	-1.0575	0.024	-1.5124
ESR1|ER-alpha_pS118	-1.676	-0.3561	-0.2656	-0.2717	0.9451	-0.5711	-2.0711	-1.1967	-1.7792	-0.4184	-0.3893	-0.3314	-0.2828	-0.4865	-1.3247	0.8459	-0.1238	0.0912	-0.0942	-0.5405	-0.2746	0.3963	-0.583	-0.4249	-0.5124	0.1307	2.0405	-1.014	-1.3365	-1.5462	-0.6081	0.6969	-0.6722	0.7342	-0.4973	-1.271	0.9391	-0.7947	-0.1493	0.9258	-0.6398	0.5155	-0.3691	1.2942	1.0506	-0.8629	0.8568	-0.1787	-1.2023	1.1871	0.0712	-1.5776	-1.4915	-0.0325	-0.4501	0.0635	0.4888	-0.9701	-0.0618	-0.2527	0.2213
ERCC1|ERCC1	NA	NA	NA	NA	NA	NA	NA	NA	NA	NA	NA	NA	NA	NA	NA	NA	NA	NA	NA	NA	NA	NA	NA	NA	NA	NA	NA	NA	NA	NA	NA	NA	NA	NA	NA	0.9189	-0.5911	-0.4377	0.6168	0.3805	0.4996	-0.59	-0.0601	0.1396	0.0394	-2.374	0.4008	-1.1028	1.0215	-0.4421	NA	NA	NA	NA	NA	0.0022	-0.474	-0.2823	0.3395	0.2895	NA
MAPK1|ERK2	1.403	0.2643	-1.1953	0.7857	-0.5159	0.3557	-1.1056	-2.472	-0.6149	1.4397	2.1219	0.3924	1.6189	-0.7624	1.8261	-0.3877	-0.8517	0.9727	-1.1213	-0.1335	-0.4553	-1.4927	-0.3255	-0.1432	-0.3564	-0.9597	0.9492	-0.7277	0.2395	-0.3006	-0.4465	0.3956	0.3493	-0.9274	0.9708	-0.7426	0.1381	-1.4129	0	-0.3836	-0.2148	-0.2467	0.188	0.1508	-0.3602	-0.2602	-0.5937	0.6007	0.3858	0.8007	-1.14	-0.1095	-0.4852	1.0091	-0.6512	0.8838	0.2002	-0.4602	0.1161	-0.044	-1.1141
ETS1|ETS-1	-1.046	-0.9908	-0.6737	-0.5545	0.9277	-0.4406	-0.555	-0.4437	-0.7808	2.112	2.3548	1.5063	1.7852	-0.6308	0.9995	0.7134	-0.2096	0.1294	0.2939	-0.6597	0.634	0.7358	-0.0326	-1.2043	-0.8091	-0.7894	-0.9371	-0.6347	-0.7062	-1.3279	-0.7584	-0.8564	-0.8832	0.6576	1.209	-0.8538	0.0544	-0.2025	-0.3764	-0.4799	-0.1493	0.4804	-0.3881	0.2167	-0.6779	0.3842	-0.3297	-0.2986	-0.435	-0.6513	-1.7499	-0.8406	-1.1521	-0.6866	-1.051	-0.116	0.4807	-0.3061	-0.5395	-0.2828	-0.2684
FASN|FASN	-0.2354	-0.4708	0.0928	-0.5081	0.6919	-0.964	0.3084	1.017	-0.0933	-1.7036	-0.8737	-0.9901	0.0871	1.1649	-1.7543	1.0659	0.6438	-0.0049	0.8635	-0.9083	-0.2875	0.8057	1.5594	-0.0734	0.4776	-0.5023	0.9867	0.6304	0.2772	-0.4345	-0.1156	1.6089	-1.465	3.1208	-0.0572	-0.9544	0.7167	0.3864	1.4146	-0.6612	0.4679	0.5492	-0.1663	0.2139	-0.6567	0.6325	0.0704	-0.7866	-0.6467	0.9477	0.3969	0.2172	-0.3655	0.0559	1.5301	-2.8438	-0.4706	0.8778	-0.4457	0.1589	-0.3279
FOXO3|FOXO3a	-1.7612	-0.5046	-0.0812	-0.3923	-0.1642	-0.7002	0.4599	5.4579	0.7599	2.2468	0.253	1.1693	-0.6058	2.331	2.8677	-0.5851	-1.407	-1.2632	-0.7773	0.0662	1.0998	0.0363	-0.1965	-0.3031	-0.0715	-0.5902	1.3929	-0.7501	-0.6912	1.3287	0.3334	-0.2864	0.4589	3.2744	-0.3656	-0.6779	-0.144	1.0823	-0.2127	-0.1689	0.8472	-0.0268	0.2662	-0.9305	0.0148	-0.1	0.8717	0.3463	0.3701	-0.6091	3.5015	0.0324	-0.3358	-0.5772	0.2986	-0.7416	-0.2616	0.7148	-0.6739	0.243	-0.6268
FOXO3|FOXO3a_pS318_S321	-0.7757	-0.4719	-0.4646	-1.6262	0.8301	-0.6012	2.7591	-0.5879	1.2561	4.4737	1.685	-0.4404	1.6947	0.604	-3.1623	1.3539	-1.5098	0.6108	0.133	0.6399	0.0345	1.556	0.4414	0.4022	-0.071	0.9899	-0.3547	0.3853	-0.7767	-0.1125	0.1567	0.1698	1.1074	1.124	-0.2353	0.4137	-0.5118	0.5748	0.512	0.0405	0.7565	-0.5881	-0.3119	-0.2449	0.029	-2e-04	0.1256	0.0238	0.19	-0.476	-0.7257	2.8834	1.7915	0.4342	1.524	0.0797	0.3423	0.5394	-0.1954	0.1658	0.1861
FN1|Fibronectin	0.0565	-0.7789	0.4395	-0.9324	-0.2288	0.3467	0.2677	1.8347	-1.1967	-0.512	2.6786	-0.6179	0.0504	0.333	-0.9339	0.0215	0.0984	-0.3807	0.727	0.2028	-0.7282	0.4691	-0.161	0.3524	0.0099	1.014	-1.1374	0.0436	-1.1985	-0.2741	0.4155	-0.9445	-0.4517	-0.4822	-0.4659	1.8633	-1.0008	1.0874	0.0615	-0.4534	-0.3216	-0.8945	-0.7637	-0.6476	-0.6277	0.5403	-0.3395	-0.6562	-0.0175	-0.7854	0.2389	-0.0778	-0.5389	-0.81	0.149	1.0182	-0.8843	-0.2903	-0.4804	-0.2251	-1.2085
FOXM1|FoxM1	0.2581	-0.4226	3.9597	-0.2109	-0.3181	0.6257	0.5832	0.4105	-0.7543	-0.7491	-0.5547	-0.4953	-0.9363	0.3003	-0.7209	0.6255	-0.3639	-0.2217	0.5374	1.1422	0.4049	3.8847	1.0578	-0.6044	1.8439	1.5806	-0.2992	1.2403	-0.7161	-0.0254	0.4096	0.8766	-0.5958	-0.235	-0.1485	-0.769	-0.269	1.0732	-0.9876	-0.3673	0.578	-0.3842	-0.0397	-0.8296	-0.0498	-0.1717	0.8248	0.2221	-0.3592	-1.0628	2.3748	0.3713	0.3993	-0.6689	0.8	0.6134	-0.4671	0.3806	-0.171	0.0979	0.5028
G6PD|G6PD	-0.1944	-0.7005	-0.7608	0.3207	-0.6327	0.4189	0.0718	-5e-04	-0.5034	-0.6974	1.3716	0.1375	-1.5721	0.7248	-0.1424	0.1386	-0.1266	1.2163	0.141	0.6797	0.684	-1.3678	0.6407	-0.1742	1.7147	0.8484	-0.0384	1.1922	-0.6191	-0.0161	0.0645	-0.3042	0.6329	-0.6806	0.7898	1.5069	0.0808	1.4679	-0.0308	-0.2114	0.1714	-0.3504	0.3035	-0.4241	-0.1704	0.4421	1.0017	0.2732	0.1172	-0.1928	-0.7757	-0.03	-1.2519	-0.5922	0.4886	-0.8953	-0.2542	0.2351	-0.527	0.1596	0.3071
GAPDH|GAPDH	-1.5158	-0.7125	0.1688	1.4752	-0.4	-0.8763	-0.3419	-0.7079	-1.6645	0.3697	2.5116	0.1124	-0.2305	-0.4892	0.6202	-0.0239	-0.1756	2.3511	-0.0808	-0.1913	0.5082	0.1537	-0.395	-0.9899	0.1193	-0.4944	0.3342	-1.1387	0.0601	-0.6736	-1.9051	-0.7108	-0.548	0.6693	-0.3597	-0.0726	0.355	-0.0768	-0.1492	-0.8074	-0.634	-0.5108	1.6383	-0.0357	-0.4045	0.0358	-0.7442	0.2937	1.7799	1.6578	-1.7615	-1.6264	-1.0317	-0.4615	-0.6239	1.0753	-0.1126	-0.2735	0.2568	-0.4703	0.5856
GATA3|GATA3	0.4628	-0.0691	0.8409	0.817	-0.0969	1.574	0.8911	-0.4812	0.3812	0.0062	-0.7178	-0.4346	-0.6316	1.0201	-0.286	0.9543	0.2258	-0.5825	0.3432	0.7332	1.147	0.1348	1.8492	0.1933	3.0336	1.0242	0.0703	1.9032	-0.4251	0.2608	1.4673	-0.6445	-0.7683	-0.5974	0.9376	-0.1589	0.8947	0.7738	-1.0849	-0.7649	0.4977	1.1762	0.6213	-0.0755	-0.7698	0.4836	0.2092	-0.3887	-0.3562	-0.3117	-1.5375	1.4846	-0.4791	0.2152	1.3335	-1.3041	0.955	0.4207	-0.9298	0.1339	-0.3562
GSK3A GSK3B|GSK3-alpha-beta	0.2426	0.125	0.1678	0.3291	-0.0215	-0.986	-0.8855	-1.7275	-1.0382	-1.4709	-0.9681	-0.4135	-0.1193	-0.4263	2.7992	-0.6768	2.3055	-0.8407	0.1821	-0.5196	-0.7981	-0.1811	0.5894	-0.9447	-0.9627	-0.4431	1.0471	-1.1571	1.5547	-0.7691	-0.8468	0.9191	-0.3945	0.7798	-0.7461	-0.2009	1.5566	-0.6798	-0.4004	0.514	-0.8991	-0.2224	-0.0704	0.8291	0.3806	1.4242	1.3045	-0.8817	-0.9793	1.061	0.6534	-0.8387	-0.4157	0.4979	-0.4544	-0.5222	-0.1816	-0.9594	0.4888	-0.4326	-0.3165
GSK3A GSK3B|GSK3-alpha-beta_pS21_S9	0.5446	1.0097	0.4961	-0.3144	0.4234	-0.9432	0.4856	0.0212	0.7574	0.7148	-1.0522	0.2444	1.2109	0.4255	2.6985	-0.8348	0.9358	0.056	-0.0093	-0.0177	-0.0313	0.9804	-0.8387	-0.0588	0.2574	-0.1395	-1.9593	-0.9548	0.6542	0.6037	-0.5391	-0.2166	0.8756	-0.0697	-0.4288	0.0852	-0.4297	0.0208	0.3808	0.8143	0.1456	0.2779	-0.1791	-0.401	0.9095	-1.01	0.2667	0.1029	0.5085	0.1736	0.1999	-0.2717	0.0426	0.3274	-1.5059	-0.1087	0.782	0.0833	0.6784	0.3161	-0.2769
GSK3A GSK3B|GSK3_pS9	0.528	1.0485	0.5579	-1.2187	0.7001	-1.2474	2.0159	1.5702	0.6689	-0.0094	-0.7836	-0.1977	0.7789	1.3143	1.04	-0.6324	0.0092	-0.2461	0.092	0.9486	-0.2307	0.9271	-0.7051	0.5803	0.0597	-0.5604	-2.1278	-0.5221	0.1227	0.291	-0.3333	-0.5137	0.128	0.7607	-0.5876	0.0254	-0.2238	0.3666	0.5372	1.095	0.0777	0.1385	-0.0042	-0.2867	0.3859	0.2918	0.345	-0.0824	0.1334	-0.2506	0.0031	0.7983	0.92	-0.1858	-1.3945	-0.3022	0.9498	0.4828	1.0658	0.3404	-0.7371
GAB2|Gab2	-1.0499	-0.1804	2.0144	-1.9057	-0.0267	-2.8804	-0.4833	-0.2946	-1.6855	-0.7808	-0.7067	0.1695	0.8697	-0.856	2.7689	-1.3074	0.1379	0.932	-0.0862	1.3062	0.7953	2.0725	0.0618	-2.4765	-1.1036	-0.3015	2.2139	-1.4553	0.7538	-0.1603	-0.4902	1.6165	-0.2914	0.6409	0.0459	-0.6336	0.6593	-1.4138	0.0376	1.0062	0.1075	0.5137	0.3468	0.9144	0.9086	-4.4352	-0.4237	-1.3227	0.5853	0.9687	0.8549	-0.9761	-0.4437	-1.812	-1.3392	-0.9324	0.0735	-0.8594	0.4801	-0.039	-0.2412
ERBB2|HER2	-0.7695	-0.8543	-0.8131	0.4217	0.0985	0.1881	-0.32	0.1136	5.1028	2.4627	2.8275	0.198	-0.714	-0.0737	0.0305	0.1457	-0.1349	-0.7196	-0.2242	-0.1417	0.326	-0.4863	0.4635	-0.3249	1.5827	0.333	-0.6239	0.2488	-0.6788	-0.2543	-0.2858	-0.8216	-0.4978	-0.8094	0.3102	-1.8288	0.0599	0.1397	-0.4943	-0.3234	0.0209	0.2174	0.0516	-0.9179	-0.3486	-0.884	-0.4376	-0.41	-0.3476	0.8701	0.8096	-0.8468	-1.0963	-0.4626	0.2428	-1.1131	0.0629	-0.09	-0.3983	-0.1327	4.1417
ERBB2|HER2_pY1248	0.3652	-0.5585	0.1549	0.1246	-0.1795	-0.2003	1.3291	0.1029	0.466	0.4163	5.1911	-0.2241	0.3316	0.3194	-0.0231	-0.2871	-0.3688	-0.5771	-0.315	0.5671	-0.1188	-0.1559	-0.2105	-0.2001	0.5269	-0.3676	-0.5107	-0.1138	-0.328	-0.2717	-0.2678	-0.5561	-0.5295	-0.6569	-0.3511	-0.4922	0.4507	0.0394	-0.2974	-0.2341	-0.0728	0.0338	0.0331	-0.0416	-0.2948	-0.0987	-0.028	-0.0821	-0.2351	-0.2466	-0.5488	-0.4971	-0.4002	-0.6349	-0.4284	-0.0879	-0.1573	-0.0822	-0.2419	-0.0777	1.0166
ERBB3|HER3	0.337	-0.1164	-0.2623	0.1058	-0.0862	0.693	0.9013	-0.1708	-0.5261	-0.5253	-1.1628	-0.919	-1.1856	0.7301	-0.6428	-0.1945	0.1164	-0.3043	-0.7029	0.6248	-0.5587	-0.2202	0.335	0.1564	0.2781	0.7121	0.2331	1.0788	-0.5065	0.343	0.4468	-0.3425	0.1525	0.0453	0.1714	10.1797	-0.1271	3.1662	-0.3739	0.6383	-0.4836	0.1002	-0.2354	0.7191	-0.4497	1.4084	-0.7799	-1.0927	-1.1434	-1.4811	0.0301	0.1966	0.0063	0.0077	0.9239	0.5488	-0.4068	-0.1418	-1.295	-0.1762	-0.8657
ERBB3|HER3_pY1289	0.1807	-0.2579	0.1147	-0.7864	2.7533	-1.1175	2.0181	0.3698	-1.7971	-0.4503	-0.7691	-0.6254	-0.0576	1.5393	1.184	-0.2629	0.7266	-0.6847	1.1191	0.6399	-0.2906	0.4941	-0.2295	0.3516	-0.9825	-0.2562	-0.6944	-1.0343	-0.1317	-0.31	0.6561	-0.4295	-1.6211	2.0036	-0.903	0.3093	-0.142	-0.5616	0.0385	1.2667	-0.5853	1.5481	-0.7218	0.7078	-0.4178	0.8761	-0.2625	-0.5453	-0.2703	-1.1689	-0.0313	0.4088	-0.9765	-0.1181	-0.4462	-0.7352	0.7415	-0.1802	-0.6666	-0.1989	-0.8045
HSPA1A|HSP70	-0.1752	-0.7662	0.2756	-0.9974	-0.0725	0.1594	0.297	2.7254	-1.127	0.1453	2.1905	-0.2336	0.2685	-0.0423	-1.3775	0.4756	0.6106	0.5287	0.1316	0.3527	-0.3639	-0.7538	-0.7147	-0.2171	-0.9128	2.9391	-0.6868	-0.9731	-0.7429	-0.3508	-0.2719	-0.8489	-0.5529	0.3741	-0.8344	2.1404	-0.7754	-0.0826	-0.0756	-0.2637	-0.3552	-0.7996	-0.4725	-0.7405	-0.3857	0.4924	-0.3043	-0.5171	-0.6483	-0.5482	0.0875	0.0507	0.9655	-1.1706	-0.1434	2.5164	-0.4856	-0.491	1.0112	-0.3318	-0.0864
NRG1|Heregulin	1.3849	-0.9368	-1.3618	1.6539	-0.7852	0.6692	-0.5954	-1.5672	0.1369	-1.1246	-2.364	-1.6793	-2.0278	-0.0469	-0.8099	0.3578	1.692	-1.0914	-0.43	-0.0798	-0.697	-1.334	0.7861	2.0749	0.6454	0.0303	-0.3322	1.1179	0.8733	-0.3648	-0.1206	-0.2096	1.9445	-1.6684	0.4429	1.6965	0.5044	0.7861	0.141	0.1032	0.4336	-0.5966	-0.2377	0.5003	-0.12	1.9905	1.3569	-0.2035	0.125	0.1576	-1.1256	0.6772	-1.6293	0.8842	0.3286	0.0962	0.0115	0.0919	-0.899	-0.4266	-1.6207
IGFBP2|IGFBP2	-1.1346	-0.8228	-0.6356	-1.1619	-0.3554	-1.2469	-1.0181	-0.2185	0.273	-0.1314	2.1653	0.5384	-0.5609	-0.9118	-0.0575	-0.3349	1.0192	-1.2467	0.0294	-0.7351	-0.7645	0.5375	-0.0656	-0.6727	-1.0846	0.3758	-0.2251	-1.0698	0.5155	-1.2579	-1.2092	-0.7243	-0.9374	-0.9231	-0.8416	0.569	0.5431	-0.0908	-0.5882	-0.2659	-0.1963	-0.6183	-0.4401	0.426	-0.1161	0.1698	0.4756	-0.3762	-0.5068	1.399	0.6481	-1.5051	-1.6154	-0.1707	-0.642	-0.5593	-0.4455	-0.0744	-0.7444	-0.3545	-0.5431
INPP4B|INPP4B	-2.1325	-0.0613	-0.4334	-0.7805	-0.0113	0.957	-0.7164	-0.6354	-0.4857	-1.1168	-2.0114	-0.0855	-1.2971	-0.1865	1.7288	-0.0172	1.7878	0.0427	0.2461	0.18	0.1173	-0.4247	1.1154	-0.7452	2.028	0.1611	1.4978	0.6893	1.6027	0.1952	-0.155	-0.0765	-0.6737	-1.2534	0.6482	-0.0266	0.6312	0.1504	0.0344	0.0925	-0.0366	-0.0635	0.1253	0.1588	-0.3347	0.2592	0.9797	-0.199	-0.1429	-0.0265	-1.394	-1.1645	-1.2295	0.2781	0.4786	-0.1787	-0.4714	0.3226	-0.3347	0.4254	-1.0376
IRS1|IRS1	-0.2016	-1.2429	-1.1056	-1.0456	-0.5093	-0.7066	0.5268	-0.7312	0.2957	-3.4402	-2.2661	-2.0449	-1.0906	1.0876	3.5179	-0.8466	0.9878	-1.6883	0.5103	0.5639	-0.3002	0.111	1.7765	-0.5514	1.2776	0.991	0.1813	0.66	0.3973	-0.3559	-1.1622	-1.0657	1.8966	1.2013	-0.6138	0.1348	0.9775	0.021	-0.4727	0.4865	-0.1555	1.3049	-0.2692	0.5413	0.1103	0.4889	0.4817	-0.5579	-0.1745	0.0691	1.1638	1.0684	-1.0171	-1.222	-0.1309	0.0936	0.5272	-0.2182	0.0827	0.335	-1.9756
COPS5|JAB1	NA	NA	NA	NA	NA	NA	NA	NA	NA	NA	NA	NA	NA	NA	NA	NA	NA	NA	NA	NA	NA	NA	NA	NA	NA	NA	NA	NA	NA	NA	NA	NA	NA	NA	NA	-0.6531	0.2392	1.7917	-0.4016	0.0298	1.2534	-0.033	0.3351	-0.3868	0.1656	0.242	1.3069	0.7433	0.4339	-0.3952	NA	NA	NA	NA	NA	-0.9143	-0.2058	1.097	-0.7146	0.6265	NA
MAPK9|JNK2	-1.9389	0.1282	-0.4528	-2.1341	-0.4802	-2.5805	-0.9088	0.1281	-2.3564	0.2297	0.3366	-0.4083	-0.3026	-2.0152	0.7509	-0.2285	2.315	-0.5965	0.1279	-0.2166	-0.0528	-0.1581	1.1713	-0.918	-0.8837	-0.2018	0.6526	-1.5879	1.4703	-0.8462	-1.2006	-0.3688	-0.177	2.3829	-0.9107	-0.7442	0.9049	-0.0639	-0.5463	0.0731	-0.3145	-0.5842	-0.051	1.0917	0.0741	-3.0528	-0.2077	-0.1806	-0.3951	-0.267	-1.6042	-1.3003	-0.8398	-0.9751	-1.5149	-0.8375	-0.3059	-0.5491	0.092	-0.1067	0.9769
MAPK8|JNK_pT183_pT185	NA	NA	NA	NA	NA	NA	NA	NA	NA	NA	NA	NA	NA	NA	NA	NA	NA	NA	NA	NA	NA	NA	NA	NA	NA	NA	NA	NA	NA	NA	NA	NA	NA	NA	NA	1.1867	-0.3843	-0.2501	-0.035	0.7589	-0.4847	0.219	-0.3516	-0.1624	-0.6138	1.6366	0.0254	0.7988	1.4699	-0.6082	NA	NA	NA	NA	NA	-0.5407	0.1912	-0.8479	0.2814	0.1349	NA
MAPK8|JNK_pT183_pY185	0.5216	0.719	0.0293	-0.4541	0.3017	-0.8604	-1.3264	-1.2201	-0.9483	-1.1456	-0.4018	0.5881	-0.8556	-0.8331	1.2883	0.4891	0.3037	0.3824	0.0261	-0.0235	-0.6221	0.638	0.4309	0.1419	-0.9303	0.0425	-0.3743	-0.3674	0.6735	-0.3737	-0.119	-0.0618	0.6367	0.0825	0.1514	NA	NA	NA	NA	NA	NA	NA	NA	NA	NA	NA	NA	NA	NA	NA	-0.6176	-0.8786	-0.6465	-0.1144	-0.6004	NA	NA	NA	NA	NA	-0.9582
XRCC5|Ku80	-0.1392	0.7112	0.5329	-0.9932	1.2264	-0.1393	0.7945	-0.0579	0.1334	0.8758	-0.4416	0.5371	1.7402	1.3251	-3.6545	-0.5133	-1.0965	-1.0792	0.477	0.7697	-0.657	1.4625	-0.2716	1.1243	0.1388	0.4069	1.4431	-0.375	-0.7484	0.3086	0.6081	0.5711	0.0811	2.9513	-0.2905	-0.6489	-1.8561	-1.536	0.9214	0.6864	-0.1706	0.1252	-1.015	0.3549	0.2575	-1.0536	-2.0202	-0.0793	-0.2638	-9e-04	1.4459	1.4937	1.1408	-0.2421	1.0089	0.0107	0.2445	-0.1788	0.6418	-0.1128	0.5862
STK11|LKB1	-1.0553	-0.392	-0.9367	0.6979	-0.0588	-0.9214	-1.4223	-0.595	-0.4376	1.3468	1.6893	-1.1902	-0.8985	-1.0913	4.258	-0.9782	1.598	-0.2865	-0.647	-1.2771	-1.3263	-1.1882	-0.5234	0.131	-1.4307	-0.6551	1.132	-1.4619	1.2105	-0.7686	-0.6488	0.2205	-0.4377	-0.5898	0.1934	1.4895	1.3815	-1.1533	0.1512	-0.1613	-0.955	0.1223	0.529	0.1175	0.2082	1.3915	0.4307	-1.0172	0.2327	1.0103	-1.7247	0.0372	-0.7672	-0.0415	-0.8457	0.7246	-0.4326	-0.4167	0.0941	-0.3187	-0.4226
LCK|Lck	5.4218	1.3023	-0.488	0.2116	-0.7668	-0.615	-1.8144	-0.2642	0.5118	-0.1585	-0.0399	0.5379	0.6315	-0.9786	-2.0079	-1.4821	0.7697	-0.2419	-0.4556	-0.8844	-0.7294	-1.2038	-1.5451	-1.6949	-1.8232	-0.621	-1.3137	0.3256	1.4746	-0.5766	-1.5312	-1.0925	-0.4578	-0.6665	-0.2609	0.1743	-1.1143	-0.4882	-0.2403	-0.7795	-0.4891	-0.2078	-0.9887	-0.7062	-0.3548	-0.4812	0.0682	-0.0174	-0.2591	0.2345	-0.9173	-1.1162	1.1655	-1.1083	-0.227	0.1275	0.4136	-0.8166	-0.4186	-0.3025	0.6948
MAPK1 MAPK3|MAPK_pT202_Y204	2.1447	-1.7471	-0.5405	0.7897	-0.5846	-0.1912	-0.5088	-0.9258	1.4436	-1.4139	-0.3107	0.1086	1.0594	0.2306	-1.5889	0.2981	-2.5001	1.8181	-0.4139	0.3804	0.2809	-0.6098	-0.4379	1.5764	-0.0243	-0.3884	-2.1742	0.7101	1.3437	1.3056	0.614	-0.0333	2.14	-0.0371	-0.0216	0.1596	-1.0811	0.1547	0.4439	0.0563	0.8581	0.404	0.3258	-0.7249	0.2042	-0.028	-0.3365	1.8953	1.9789	0.2073	1.1486	1.2643	1.3172	0.7683	-0.2981	-0.323	1.8208	-0.1215	1.6702	-0.1097	-0.1185
MAP2K1|MEK1	-0.7746	0.4027	-0.09	0.207	-0.2665	-0.2826	-1.5668	-1.2088	-0.8099	-0.9847	-0.9337	0.0563	-0.9085	-1.183	3.1604	-0.3535	1.7272	-1.0315	0.3201	-0.9724	-0.3172	-0.227	0.322	-0.8268	-0.7762	-0.3874	0.7843	-0.9979	1.5098	-1.0256	-1.3005	0.5698	-0.0892	-1.2551	-0.0254	0.8809	1.7766	-0.2525	-0.131	0.2115	-0.7348	0.1172	0.3868	1.3154	0.0381	-1.3439	0.3935	-0.4968	-0.3529	0.8602	-0.7984	-1.1408	-0.987	0.9356	-0.5993	-0.6209	-0.544	-0.8214	0.091	-0.4538	-1.0626
MAP2K1|MEK1_pS217_S221	2.127	-0.6542	-0.26	0.5607	0.2716	0.544	0.4651	0.2159	2.8334	-1.3158	-1.6726	0.6021	-0.1249	0.7448	-0.6409	-0.9375	-0.4487	0.0904	-0.5441	-0.7295	-1.1868	0.3613	-0.4004	1.3796	-0.9994	-0.4731	-2.219	0.1772	0.7283	-0.5194	-0.0916	-0.3115	1.4546	0.7969	0.2431	1.4811	-0.2539	-0.2523	-0.2663	-0.3736	-0.5462	-0.2109	-0.3913	0.1716	-0.3391	1.4421	0.2869	0.25	-0.1826	-0.1476	4.0838	0.8098	0.477	0.206	-0.3999	0.8364	0.9579	-0.2806	0.3167	-0.3157	-0.2039
ERRFI1|MIG-6	-3.5186	-1.0267	-0.4597	-0.9362	-1.4695	-0.9812	-1.1623	4.7152	-0.7327	0.413	0.6328	-0.7515	0.1165	-0.3246	1.8585	-0.7784	1.4131	-2.1101	-0.0232	-0.6943	-1.5127	-0.4888	-0.1969	-0.9796	0.004	-0.4529	0.3183	-0.5826	0.103	-1.2499	-0.4845	-0.4147	-0.8707	-0.4058	-0.3189	1.9084	1.755	0.0289	-0.3392	-1.766	-0.4723	-0.0337	0.2293	1.273	-0.4034	2.6917	1.3448	-0.6475	-1.3971	0.719	-0.2598	-1.5242	-1.3797	-1.4968	-0.7817	0.9733	-0.0019	-0.2123	0.0047	-0.3551	0.0771
MSH2|MSH2	NA	NA	NA	NA	NA	NA	NA	NA	NA	NA	NA	NA	NA	NA	NA	NA	NA	NA	NA	NA	NA	NA	NA	NA	NA	NA	NA	NA	NA	NA	NA	NA	NA	NA	NA	-1.1928	-0.3833	1.8894	-0.6248	0.2332	1.2823	0.0787	0.5351	-0.8307	0.4777	0.0552	1.0136	0.5513	0.2869	-0.7671	NA	NA	NA	NA	NA	-1.0955	-0.1953	1.2794	-1.2502	0.9001	NA
MSH6|MSH6	NA	NA	NA	NA	NA	NA	NA	NA	NA	NA	NA	NA	NA	NA	NA	NA	NA	NA	NA	NA	NA	NA	NA	NA	NA	NA	NA	NA	NA	NA	NA	NA	NA	NA	NA	-0.0766	-1.2565	0.6088	-0.2812	0.3306	0.2822	0.0086	-0.7126	0.1847	0.0187	-1.4751	-0.4989	-0.4061	-0.0587	-0.8292	NA	NA	NA	NA	NA	-0.63	0.006	-0.3151	-0.0898	-0.0022	NA
MYH11|MYH11	0.4631	-0.3918	-0.5788	0.2721	0.971	0.1833	1.0518	0.4723	-0.1956	0.2688	-1.4495	-0.9265	-0.8994	0.0257	-0.9391	-0.0221	0.1494	-0.0258	-0.3576	0.6749	1.0202	-0.311	0.3312	-0.6184	1.2181	0.5959	-0.2754	2.0808	-0.6852	0.28	0.5098	-0.5122	-0.2861	-0.3458	1.5369	-0.0725	-0.0486	2.272	-0.8739	1.7211	0.3103	-0.4224	-0.096	-0.7469	1.5247	0.5054	0.6856	-0.5882	-0.0342	0.9847	4.2407	1.9239	-0.4756	0.46	0.8839	-1.7252	-0.931	-0.0426	0.139	-0.1265	-0.9616
MRE11A|Mre11	-1.0697	-0.4565	-1.3873	1.644	-0.3123	1.977	0.7055	1.0827	-0.0666	-0.2611	-0.4072	-1.3098	-1.3388	0.4381	-0.2326	0.503	0.141	-0.2881	0.011	0.5898	0.5304	-1.1919	0.4202	0.3864	1.018	1.3756	-0.0034	1.9793	-0.2493	-0.0684	1.6444	0.411	-0.2387	-1.0793	1.1008	2.2308	0.035	0.4712	-0.3725	-0.6318	-0.0653	-0.3559	-0.4045	-0.3359	-0.7176	1.1215	0.2811	0.3424	-0.1881	-0.7332	-0.7244	2.3952	0.0597	0.8498	1.4615	1.7803	-0.1312	-0.3932	-0.4965	-0.1997	-1.1708
MYH9|Myosin-IIa_pS1943	-1.0511	-0.6747	-0.4267	-0.9864	0.1329	-1.1509	0.2851	-0.1169	-1.9848	2.6882	2.3735	2.5362	2.7112	-0.1935	0.1448	-0.1331	-0.9212	0.2692	1.3233	-0.9669	0.8189	0.7779	-0.1871	-1.0875	-0.1606	0.0171	-0.1857	-1.1944	-1.3481	-0.8692	-1.4409	-1.1034	-0.1936	-0.1432	-0.4051	NA	NA	NA	NA	NA	NA	NA	NA	NA	NA	NA	NA	NA	NA	NA	-0.1377	-0.6448	-0.5759	-1.86	-0.177	NA	NA	NA	NA	NA	0.9737
MYH9|Myosin-Iia_pS1943	NA	NA	NA	NA	NA	NA	NA	NA	NA	NA	NA	NA	NA	NA	NA	NA	NA	NA	NA	NA	NA	NA	NA	NA	NA	NA	NA	NA	NA	NA	NA	NA	NA	NA	NA	1.9725	0.0577	1.4027	0.2939	0.153	0.7519	0.2925	0.3814	-0.4051	-3.1228	0.8169	-0.2409	0.4577	0.2449	0.2746	NA	NA	NA	NA	NA	0.2347	0.7219	0.7237	0.445	0.3074	NA
CDH2|N-Cadherin	1.6326	0.3731	-0.723	0.4694	0.4867	0.3343	-0.9406	-0.5281	0.4004	0.8768	2.6474	-0.1	-0.2286	-0.9635	2.6803	0.7262	-0.2437	0.5234	-1.0208	-0.4753	-0.3274	-1.5807	-0.8369	0.3608	-0.6341	-0.4431	1.814	-0.4975	0.1279	-0.1655	-0.8424	-0.6489	0.9984	-0.7542	1.0771	-0.746	-0.0881	-0.9519	-0.0485	-0.8354	-0.271	1.7826	0.4413	0.6264	-1.0096	-0.4861	-1.154	0.0317	-0.5907	-0.7197	-0.9417	-1.2278	-0.0578	-0.0271	0.1556	0.5687	1.0561	-0.1297	-0.3628	-0.2222	0.798
NRAS|N-Ras	-3.4313	-0.9468	-0.944	0.8271	-0.9427	1.6704	0.8265	0.1498	0.0909	-1.8291	-1.2291	-1.1681	-1.8845	0.7535	0.2368	0.8804	0.7881	-0.6743	-0.7018	0.5675	-0.4825	-1.3361	0.0496	0.8352	0.8044	0.9151	-0.0133	1.6352	-0.4073	0.043	1.0188	-0.1058	-0.093	-1.1683	0.782	1.7958	0.5278	1.2819	-0.1747	-0.467	0.4016	0.236	0.111	0.4377	-0.3272	1.3522	0.9171	0.0582	-0.2052	-0.1806	-0.2127	-0.8403	-0.8656	0.8051	1.3126	0.3841	-0.2145	0.6353	-0.2992	0.8015	-0.3433
NDRG1|NDRG1_pT346	0.9753	0.1249	-0.1652	-1.1574	0.6597	0.8444	-0.3978	1.0342	0.3195	0.6077	-0.5728	1.4468	-1.3868	0.4147	0.6515	0.1061	-0.9451	-0.4553	1.2946	-0.2408	1.8877	0.1682	-0.1915	-0.7694	0.2491	-0.127	-0.996	0.8029	0.2585	0.633	0.0266	0.3401	0.7625	-0.9378	1.5445	-0.9727	-0.5806	0.1811	-0.0342	-0.6866	0.4396	0.8604	0.0434	-0.5464	-0.2786	-0.1949	-0.6587	-0.1333	0.1649	-0.7615	-0.9486	-0.0086	-0.6752	-0.0807	-0.0594	-1.8755	1.414	0.1209	-0.4709	0.2673	-1.0037
NFKB1|NF-kB-p65_pS536	-1.3369	-1.4206	-0.1146	-1.7155	-0.5596	-1.2827	-0.8565	0.47	-0.0456	-2.1152	-0.3343	-1.0754	-0.0197	-1.2272	-3.1345	0.4002	-2.522	1.8967	1.4431	0.2414	2.4304	2.5948	-0.3791	-0.6696	0.1288	1.7709	-1.5114	0.1988	-0.762	0.3545	0.6628	-0.196	-0.3404	1.0989	0.4145	0.276	-0.5004	-0.0958	0.5068	0.4045	0.2016	0.6751	0.0401	-0.4698	0.2972	-0.3979	-0.298	0.1339	1.6013	0.2879	-1.6622	-2.4828	-1.9389	-2.2616	-1.5175	-0.4123	0.0141	0.1752	0.6203	0.318	1.7926
NF2|NF2	-0.6414	0.4134	-0.2554	-0.5818	0.996	-1.4702	1.7541	-1.3108	-4.0135	1.4721	0.9152	0.937	2.647	0.0301	-1.8023	2.3517	-0.9686	1.56	-0.3529	0.8442	0.5941	0.6895	-0.0177	0.0268	0.3641	-0.1141	1.7548	-0.6749	-1.1525	-0.3164	-0.5067	0.5019	-0.894	2.3821	0.9404	0.5841	-1.0545	-0.2405	1.1673	0.3479	0.0375	0.8722	0.613	0.7595	0.092	-0.5622	-1.1687	-0.108	-0.0472	0.05	0.4176	-0.1895	-0.8601	-0.9142	-0.1026	-0.8558	1.1767	0.4558	0.5192	-0.1426	0.6575
NOTCH1|Notch1	-0.4638	-0.3497	1.096	-0.7327	0.7999	-1.8864	1.2894	-0.822	-0.1706	1.2318	-0.209	0.1025	-0.909	-1.685	0.1825	0.651	-2.1885	-0.5416	-0.3684	-0.8331	0.8036	1.3546	0.6832	2.099	0.7232	0.8709	-0.2068	-0.377	-0.4706	-0.424	-0.9338	1.4449	0.5074	0.0727	0.9276	-0.0906	-0.2373	-0.2672	1.6366	0.8816	-0.1798	0.1724	0.37	0.6969	0.0517	-2.0589	-0.9031	-0.9357	0.5812	-0.2226	0.423	2.0162	-0.0904	-2.3624	-0.1234	-0.4704	-0.6547	0.2906	-0.4761	0.4273	-0.074
CDH3|P-Cadherin	-0.1998	0.1614	-0.5309	0.38	0.1237	1.8454	1.2621	0.2515	0.6456	-0.6779	-0.6901	-1.3946	-1.4	0.6232	-1.0477	0.7708	0.3294	-0.3524	-0.6231	0.9891	0.1511	-1.7868	0.3785	0.4712	1.6285	1.519	-0.0618	2.4555	-0.8833	0.3453	1.4126	-0.6044	-0.149	-0.1896	1.0152	-0.6971	-0.3859	0.2676	-0.4972	-1.0836	0.4569	1.3714	0.05	-0.6509	-0.9189	0.8761	-0.4492	-0.5798	-0.5117	0.306	-1.0163	1.6125	-0.3701	0.1156	1.8338	0.7227	1.3517	0.4869	-0.57	0.7837	-0.3947
SERPINE1|PAI-1	0.1083	-0.727	-0.6067	-0.1552	-0.2484	-0.032	-0.2222	0.8135	0.8373	-0.2854	2.6441	-0.0736	-0.5444	-0.064	-0.6258	-0.475	-0.4195	-0.8081	0.0047	-0.3181	-0.4623	-0.7518	-0.5327	0.7386	-0.1453	-0.2306	-0.5213	-0.1135	-0.6187	-0.4911	-0.2278	-0.3602	-0.446	0.8966	-0.5347	0.4953	-0.3762	0.2936	-0.5324	-0.6502	-0.2134	-0.7149	-0.3018	-0.8174	-0.3403	0.9237	-0.1362	-0.602	-0.3247	0.6135	0.2877	0.2765	-0.8385	-0.4014	-0.5523	2.1702	-0.4036	-0.2013	0.2685	-0.3208	-0.2673
PARP1|PARP1	NA	NA	NA	NA	NA	NA	NA	NA	NA	NA	NA	NA	NA	NA	NA	NA	NA	NA	NA	NA	NA	NA	NA	NA	NA	NA	NA	NA	NA	NA	NA	NA	NA	NA	NA	-1.9753	-1.0237	0.7932	0.6039	0.8132	0.5006	0.3668	-0.1847	0.4256	0.4863	0.4464	-0.1176	0.2859	-0.5434	-0.1535	NA	NA	NA	NA	NA	-1.0207	0.1713	0.573	-0.0149	0.5791	NA
PCNA|PCNA	-1.2272	-0.7878	0.5016	-0.4275	-1.2942	1.2332	-0.9531	-0.7695	0.964	-0.2896	2.7322	0.2868	-0.4769	-0.0137	-0.2691	0.3451	-0.039	-1.5836	0.2597	-0.0805	-0.6769	0.6188	0.4286	-0.436	0.9483	0.0135	-0.3857	1.9826	-0.925	-0.4274	0.6327	-0.6982	-0.6693	-1.0113	0.3677	-0.6684	-0.1513	1.2634	-0.4904	-0.5094	0.5129	-0.1768	0.1678	-0.5204	-0.6139	1.425	0.1293	-0.25	-0.4768	-1.1714	-1.6552	-0.5141	-1.0808	-0.6345	0.8039	0.3554	-0.5867	0.0308	-0.3495	0.363	3.6645
PDCD4|PDCD4	-0.0921	-0.3046	0.5399	0.3948	-1.2756	0.4565	0.2254	0.3424	1.002	0.7251	-2.2579	0.1488	2.9234	0.0898	-2.0918	0.0439	-1.9052	0.4764	0.8238	-0.51	0.3894	1.1622	-0.5135	1.9808	0.8144	-0.2732	-0.7278	1.0436	0.9392	1.3297	1.2961	-0.5412	1.9161	1.1976	-0.2938	-0.5734	-1.294	-0.0638	0.2545	0.0369	0.296	0.2302	-0.218	-1.7439	0.2798	-0.8884	-1.1077	0.8934	1.5936	0.5999	2.6661	2.2062	2.1579	0.6277	0.8988	-0.4576	0.5678	-0.2853	0.6114	-0.1148	-0.0933
PDK1|PDK1	-1.6806	0.3509	-0.8307	-0.3743	-0.277	-0.6318	-0.8676	-1.0826	-0.6481	-0.3778	-1.7604	0.2609	-1.4351	-0.2642	1.5242	-0.1049	2.0364	-1.0592	0.6402	-0.6289	-0.2589	-0.2502	0.3318	0.6347	-1.9187	-1.082	-0.3327	-0.7504	1.334	-1.5361	-1.4477	-0.4875	-0.5467	-0.9439	-8e-04	1.6978	1.48	-0.2887	-0.0557	0.3013	-0.7835	-0.2201	-0.0596	0.9544	0.0159	0.2524	0.4547	-0.538	-0.2924	1.1131	0.1012	-0.9131	-0.78	-0.007	-0.0362	0.3681	-0.4964	-0.8869	-0.4384	-0.3736	-0.8327
PDK1|PDK1_pS241	-0.9863	0.3856	-0.502	-0.5767	-0.0733	-0.5863	-0.8493	-1.2132	-0.498	-0.3881	-1.8274	0.1793	-1.1022	-0.0631	2.4735	-0.1671	1.9287	-0.8268	0.6088	-0.7118	-0.2658	-0.0506	0.137	0.5881	-1.9578	-1.0755	0.2109	-0.8771	1.6065	-1.2801	-0.9019	0.0155	-0.1275	-0.581	0.0978	0.9668	1.1405	-0.6489	0.1375	0.8653	-0.9662	-0.0282	-0.0262	0.7823	0.4725	0.998	0.5769	-0.8393	-0.0143	0.7825	0.3171	-0.6502	-0.9943	-0.0466	-0.1114	0.305	-0.4143	-0.4323	-0.1139	-0.187	-0.6534
PEA15|PEA15	1.8346	1.2816	-0.2187	1.4427	-0.1141	0.8567	1.4881	-2.6377	-0.4517	-1.5283	-1.4224	-0.3237	0.2028	0.102	1.073	0.3875	-1.4447	1.6172	-1.4431	0.8912	-1.2308	-1.7841	-0.9782	1.0037	-0.2783	-0.8489	2.1438	0.2157	0.5632	1.1001	-0.0838	1.2774	1.0837	-0.9107	0.4397	-1.1081	-0.3258	-0.1571	0.1521	0.1244	-0.0902	-0.3122	0.953	0.3776	0.8186	-0.2153	0.1407	0.5291	1.3276	0.7996	-0.6138	1.0482	1.9676	1.704	-0.3042	0.8102	1.1487	0.6245	1.1318	-0.3701	-1.5699
PEA15|PEA15_pS116	0.8218	0.3705	-0.4075	0.0961	-0.3392	0.2899	1.5102	-0.8214	-0.7388	2.6492	1.4434	1.7793	2.021	-0.3756	0.3383	0.6593	-0.8934	1.2431	-0.9556	0.425	-0.3391	-0.2731	-0.5717	-0.3352	0.062	-0.7261	-0.2141	-0.2988	-0.4977	0.1748	-0.5952	-0.2479	0.0563	-0.9436	1.1563	-0.4176	0.2322	-1.3382	-0.4578	-0.4576	-0.6483	1.4249	-0.1596	0.1007	-0.0244	-0.5837	-1.0996	-0.7381	-0.4612	0.3531	-0.8615	-0.0034	1.1352	0.5614	-0.6764	-0.4765	1.3401	-0.4201	0.0874	-0.5944	-1.044
PIK3CA |PI3K-p110-alpha	0.2576	0.3047	-0.5077	1.8004	-0.3472	1.8563	1.064	1.5076	-0.54	-1.9531	-1.7345	-2.1529	-1.2282	1.3506	-2.7197	-0.0928	0.1841	0.4516	0.0649	0.44	-0.4795	-1.6235	-0.2162	2.6184	-0.8496	-0.3808	-0.0555	0.5738	0.3494	0.735	0.3923	-0.1444	1.4402	0.8563	-0.7294	-1.1704	-0.3036	-0.8123	-0.4665	0.0645	-0.6796	-0.0335	0.2047	-0.5576	-0.0737	2.1513	-0.0493	0.5799	1.1662	1.5278	0.9483	1.0472	-0.694	0.9215	0.5635	1.5058	0.2941	0.4393	0.7143	0.5838	-0.7044
PIK3R1/2|PI3K-p85	1.5908	1.2614	-0.4552	0.3828	0.2456	0.7314	1.1093	1.7799	-0.2593	-0.1458	-2.2824	-0.2228	-0.4037	0.392	1.0156	-1.271	0.0713	-0.0478	0.5236	-0.5405	-0.3888	-1.6253	-0.6914	0.7589	-0.5776	-1.6468	0.8073	-0.9936	0.624	0.0435	-0.0562	0.2757	0.5181	1.2849	-0.6768	0.6148	-0.0101	-1.3044	0.7139	0.4653	-0.9309	-0.4637	-0.1568	0.5127	-0.4497	1.5992	-0.276	0.3789	1.2357	0.611	0.3953	2.0979	-0.676	0.9097	-0.5565	0.899	-0.1256	-0.3568	-0.458	-1.075	0.7913
PRKCA |PKC-alpha	0.0436	0.4734	0.1969	1.0733	2.4138	-0.3682	0.1116	-1.4114	-0.9746	1.1544	-1.0872	0.0398	-0.4367	0.5931	0.5035	0.7022	-0.139	0.4295	0.0492	0.4575	-0.0056	-0.7004	0.1354	-0.1378	0.0472	-0.7652	1.513	-0.0509	0.1125	-0.4179	-0.9172	0.5811	0.32	1.049	0.7199	-0.6701	-0.1262	-1.1988	1.7185	0.2288	-0.1557	0.225	1.6383	-0.3979	-0.0333	-2.2392	-0.958	0.5333	1.4112	1.1257	-0.9009	-0.6132	-0.3811	0.9409	0.833	-0.1884	0.659	0.8368	0.3411	0.0684	-1.0275
PRKCA |PKC-alpha_pS657	0.4566	0.48	0.0131	0.9143	1.9775	0.0166	-0.2452	-1.2848	-0.6737	0.7597	-2.0887	-0.3881	-0.9385	0.9721	-1.2795	0.5705	-0.188	0.5242	-0.0102	0.3711	0.1348	-1.0379	-0.1712	-0.2775	-0.2045	-0.9124	1.9303	0.0056	0.291	-0.3722	-0.5251	0.8227	0.4396	1.0587	0.9222	-0.3079	-0.5165	-0.7852	1.091	-0.1441	0.247	0.5975	1.2919	-0.0864	-0.0339	-1.7767	-0.854	0.7437	1.1641	0.6986	-0.6761	-0.3235	-0.3034	0.9175	0.8367	-0.1818	1.0588	0.664	0.6973	0.5263	-1.5136
PRKCD|PKC-delta_pS664	0.492	0.3679	-0.0237	0.0547	2.6681	-0.7875	-0.5189	-1.9162	-0.9284	1.3147	0.0871	0.2343	-1.4144	0.0415	0.9384	0.6288	-0.3593	1.6656	0.0492	-0.1712	0.6588	-0.9759	0.6529	-0.2307	-0.3659	-0.7381	0.8343	-0.2387	0.4225	-0.0832	-0.8153	0.4508	-0.1123	0.3157	0.6385	-0.8544	-1.0254	-1.3168	1.1314	-0.1038	-0.4925	0.3591	1.9298	-0.4769	0.1598	-1.5215	-1.1945	0.7942	1.8313	0.5577	-1.3123	-0.5047	-0.7199	1.061	0.9314	-0.853	0.8499	1.2236	0.3418	0.9374	-0.4807
PKC|PKC-pan_BetaII_pS660	-0.3967	0.5799	0.1496	-0.2048	1.9039	-0.9733	-0.607	-1.7543	-1.1163	0.5251	-2.3142	0.7894	-1.2289	0.0946	0.2489	0.4878	1.0523	-0.1218	0.9748	-0.1687	1.1572	0.1124	0.8689	-0.6332	-0.3351	-0.6191	1.2254	-0.7176	0.8317	-0.9745	-1.6074	0.1997	0.0738	0.7096	0.8394	-0.576	-0.9335	-0.9679	0.721	0.1452	-0.2082	0.6985	1.1339	-0.1631	0.0841	-1.2124	-0.7403	0.1568	0.6415	0.3919	-1.1111	-1.4238	-0.8237	0.3769	0.0063	-0.7887	0.9025	0.3971	0.4919	0.214	-1.334
PGR|PR	2.549	-1.1733	-0.6632	1.5857	-1.7045	0.8026	0.775	-0.0047	-1.0067	0.6259	1.4132	-0.3648	0.3811	0.3379	0.133	1.6537	1.8164	0.2428	-1.0964	-0.2018	0.0255	-0.7242	1.7716	1.1295	1.4004	0.7874	0.9724	0.9846	0.1146	-2.3007	0.2688	0.6845	-0.9097	-0.375	0.9056	-0.7295	1.0622	1.3511	-0.6406	-0.091	0.0986	-0.376	-0.0602	0.3304	-0.208	0.5334	0.8624	0.7488	-0.5726	-1.4243	-0.7891	0.4144	-0.6734	0.8068	1.5175	0.3846	-0.1592	-0.3706	-0.6649	0.4264	-0.5983
AKT1S1|PRAS40_pT246	1.2791	-0.5584	0.5484	-1.9508	-0.7232	-1.239	0.3179	-0.5627	1.5875	1.6667	-0.5204	0.2701	0.702	-0.9184	-0.3013	0.5266	-1.6944	1.7154	-0.5893	-0.0342	2.0547	1.5065	-1.2283	0.4871	1.917	0.3789	-0.8191	-0.3013	-0.7221	0.9855	0.2624	-0.6523	0.8849	-0.2785	-0.2125	-1.1195	-0.5417	-0.4134	0.5888	0.2677	0.7824	0.7422	0.6207	-0.8138	0.8675	-1.0483	-0.3158	0.3834	1.6547	0.1819	0.4771	1.108	0.4122	-0.6746	-1.2796	-0.6363	0.9213	0.6475	0.428	-0.0555	0.1556
PRDX1|PRDX1	1.0367	0.1073	0.1444	0.8701	-0.3038	0.9626	-0.0414	-1.1786	1.2786	2.0942	1.1261	0.1839	-1.631	-0.8395	-0.2362	-0.0259	-0.3995	2.1058	-1.3386	-0.4415	-0.7167	-1.6909	-0.2768	-1.2088	-0.2803	0.6616	0.3078	0.3409	0.5519	-0.1258	0.3015	1.391	-0.0411	-0.838	0.2208	-0.8771	0.2132	-0.2367	-0.5036	-1.1761	0.111	-0.0682	-0.1392	-0.4644	0.3423	-0.2764	-0.1969	1.7901	0.2558	1.4863	-1.7944	0.6602	0.2696	1.6013	-0.1968	-0.5151	-0.0687	-0.5049	-1.3979	0	-0.0493
PREX1|PREX1	0.7031	-0.523	0.2083	0.3065	-0.2798	0.9294	-2.7981	-1.4745	0.1074	1.2406	0.927	0.7854	0.9438	-0.7492	-0.5525	1.6281	-1.2449	2.5612	-0.9845	0.6948	0.9864	-0.5861	1.1641	1.0387	-0.1253	-0.3961	-1.1328	0.5682	-0.6195	0.7867	-0.044	0.8957	1.0992	-0.7326	0.8242	-0.1451	-0.6747	-0.523	1.1243	-0.2136	0.3098	0.5889	0.9029	-1.0278	-0.0804	0.2771	-0.2225	-0.2755	1.0281	0.8794	1.2507	0.0605	1.7951	0.2806	0.463	0.6131	1.1275	0.9762	1.7932	0.6072	0.3312
PTEN|PTEN	-1.1195	-0.0172	-0.7089	-0.1437	0.4092	-0.7752	-0.5611	-1.3019	-1.0762	0.0637	-1.3724	-0.0093	-0.8667	-0.6469	1.9973	0.325	1.7125	0.0409	0.6479	-0.5989	0.3373	-0.5259	0.6779	-0.9904	-0.3415	-0.4973	1.2313	-0.8269	1.3334	-0.4644	-0.9733	0.4246	-0.1948	0.3223	0.4473	-0.6963	0.4072	-0.4053	0.3143	0.2074	-0.5811	0.1101	-0.1841	0.7784	0.1656	-0.9782	0.1362	-0.3851	-0.1841	0.4346	-0.5887	-0.7528	-0.9611	0.5978	-0.1868	-0.6628	-0.2337	-0.6118	0.2725	-0.2649	-3.2069
PXN|Paxillin	-0.7578	-0.498	-0.7867	0.4082	-1.2286	-1.4556	0.2794	-1.1909	-0.2564	1.3114	1.6266	-0.3186	2.3523	-0.6017	-1.1806	0.0497	-1.0974	0.3751	-0.1307	-0.2103	0.5971	0.3588	-0.0203	0.0126	0.237	-0.1904	1.1239	-1.1836	-1.0326	-0.7575	-1.0744	-0.2132	1.1933	0.7733	-0.4897	0.0712	0.1532	-0.5214	0.5652	0.1882	-1.2781	-0.5275	-0.5102	0.4444	-0.2633	2.2665	-0.1895	0.6381	0.545	0.3004	-0.7531	0.3239	0.1995	-0.9985	-0.7456	0.925	0.9994	-0.8499	1.1961	-0.9789	0.7463
RBM15|RBM15	-1.4377	-0.2116	1.6577	-2.0985	0.4864	-0.1763	0.2707	-0.3286	0.6272	1.283	0.0779	1.0233	2.2249	0.3123	-2.3069	-0.946	-0.9832	-1.1564	0.2318	0.3077	-0.0108	3.2699	-0.3619	-0.7111	0.0467	0.3927	1.4496	-1.105	-0.5622	0.2525	1.053	0.7426	0.0644	1.7719	-0.7421	-0.6741	-1.082	-0.4929	0.2272	0.3858	-0.0301	-0.0224	-0.606	-0.1699	0.2195	-1.6489	-0.2215	-0.2942	-0.2755	-0.302	2.0756	0.0438	0.5067	0.0373	0.4485	-0.2503	0.5749	-0.3141	0.2923	-0.0941	0.9776
RAB11A RAB11B|Rab11	0.0202	-0.5615	-0.7833	0.0411	-0.0387	0.811	0.2491	1.4386	-0.371	-0.7152	0.2103	-1.0299	-1.1121	0.4566	0.0121	0.4073	0.2674	-0.127	-0.5105	0.4636	-0.319	-1.5493	0.498	0.2574	0.2413	1.1329	-0.3162	1.4084	-0.1519	0.258	0.9241	-0.2102	0.058	-0.4413	-0.0814	0.2822	0.3164	-0.5278	-0.372	-0.9342	-0.5777	2.6276	-0.1934	0.4136	-1.4231	1.8487	-0.413	-0.9571	-0.2181	-0.8565	-0.5363	0.7977	1.0001	0.039	0.9719	0.9919	1.8889	-0.7495	-0.6227	-0.23	-1.4923
RAB25|Rab25	0.1913	0.2245	-0.0557	0.6529	-0.221	1.3455	1.0276	0.8508	0.0284	-0.0958	-1.2575	-1.1581	-1.3223	0.5727	-0.6069	0.2467	0.5218	-0.6287	-0.1796	0.3241	0.0078	-0.8898	0.9893	0.2856	1.7327	0.5803	-0.1713	1.5316	-0.1868	0.1485	0.8193	-0.1238	-0.0304	-0.585	0.6341	-0.787	0.3782	1.5312	-0.2366	0.3812	0.8974	-0.0495	0.8595	-0.807	0.2238	0.7146	0.2607	0.0557	0.5277	-0.0346	-0.6077	1.3501	-0.0186	0.1756	1.86	0.0074	-0.4093	0.9029	-0.3665	0.6651	-0.6234
RAD50|Rad50	-0.611	0.0461	0.6559	-0.5309	0.0669	0.7132	-0.109	0.7665	0.7873	2.263	1.5759	-0.2895	2.1225	1.1273	-1.7559	0.1271	-1.6671	-0.4503	-0.0501	1.0015	-0.0667	2.5155	-0.0012	0.7432	0.2218	0.203	0.9145	0.1029	-0.9392	0.7799	1.2074	-0.0322	-0.5071	2.7753	-0.5839	-0.987	-1.2113	0.1908	-0.5451	-0.0366	0.1745	-0.233	-0.2881	-0.2321	-0.1767	-0.0026	-0.1318	-0.2295	-0.335	-0.7279	0.3977	-0.6256	0.2595	-0.4249	0.7065	-0.4641	-0.1622	0.1353	-0.263	-0.1143	2.4856
RAD51|Rad51	-0.2438	-0.8315	0.0783	-0.0118	-0.2156	-0.1478	-1.1567	-0.8482	-1.6328	2.7993	2.2213	0.7011	2.1652	-0.8218	0.1386	1.3921	-0.7489	0.277	0.029	0.3251	0.2478	-0.3237	0.2073	-0.4045	-0.4237	-0.2282	-0.9924	0.3078	-0.838	-0.666	-0.5797	-0.4612	-0.9107	-0.6622	1.1025	0.4507	-0.3845	1.1433	-1.2401	-0.1106	0.7725	-0.3944	0.1851	-0.9397	0.1427	0.0219	0.4546	0.0936	-0.2054	-0.8318	-1.6318	-1.0474	-1.5148	-0.1439	-0.679	0.2517	-0.3968	0.5797	-0.018	0.4911	-0.0497
RPTOR|Raptor	0.8112	0.2034	0.6528	-0.1804	0.5577	0.3436	0.4572	-1.6761	-1.1038	-0.0255	-0.5377	-0.8804	1.0422	-0.4134	0.7707	0.4437	0.8204	0.1002	-0.0614	-0.6033	-0.0903	2.4599	0.2081	-1.2908	-0.0714	0.0094	3.6273	-0.6658	-0.1722	0.4228	1.7468	0.6985	-0.7538	1.5628	-0.3344	0.5537	0.7187	-1.6109	0.5892	-0.2521	-0.7221	0.4299	-0.4878	0.9257	0.1873	1.0132	-0.5741	-1.1865	0.4713	0.5986	-0.2961	-0.0635	-0.78	0.8655	-0.5783	0.0317	0.3578	-0.9057	-0.012	-0.322	0.0317
RB1|Rb_pS807_S811	-2.1324	0.4447	0.9044	-1.6108	0.5195	-1.5636	-1.3429	-2.1068	0.4148	-0.6042	-0.893	0.6598	-0.3593	-0.4945	3.2782	-0.2055	-1.329	-1.0641	0.445	-0.176	0.0992	1.0379	0.2737	0.9081	-1.088	0.1162	-1.1322	-0.7789	-0.7638	-0.8737	-0.929	0.6128	0.2289	0.4437	0.0609	-0.3408	-0.5238	-0.7946	0.0815	0.5205	-0.2715	0.4786	-0.629	-0.0046	0.0334	-1.716	-1.1702	-0.871	-0.4039	-0.126	2.0296	-1.3639	-1.1698	-1.1429	-1.2225	-2.0614	-0.0835	-0.627	0.6781	0.2261	-0.8516
RICTOR|Rictor	0.0862	-0.1545	0.8482	-0.9895	-0.201	-0.4663	1.0425	-0.4242	-1.0419	-0.1343	-1.866	-0.547	0.7013	1.8929	-1.0963	0.2883	-0.9295	-0.1814	-0.0273	0.0685	0.8467	2.2114	0.3653	-1.4854	1.7064	-0.366	1.9666	0.7274	-0.1879	1.5574	0.4945	0.7222	1.4915	0.4691	-0.5024	-2.4914	-0.1321	-0.2511	0.5732	1.1202	0.1611	-0.221	0.0468	0.8098	0.8037	-0.5733	-0.042	-0.3906	0.5657	0.1877	3.6591	-0.4228	-0.474	-1.4602	0.0376	-0.4644	0.0146	-0.2584	-0.0112	0.3493	-0.2427
RICTOR|Rictor_pT1135	0.4081	0.3075	0.452	0.1495	-0.5055	-0.9751	0.7587	1.975	0.0373	0.0748	0.1994	0.6253	0.7116	0.0667	-0.8649	0.053	-1.3761	-0.4858	0.1854	-0.4328	0.8208	0.9841	-1.1821	1.6756	0.4376	-0.2265	-0.7319	-0.5973	-0.2609	0.4168	-0.0266	-0.5952	0.9238	-0.6411	-0.1607	1.3895	0.4119	-1.2748	0.1929	-0.1339	-0.4883	0.658	0.4771	-0.2409	0.3924	1.0467	-0.4871	-0.1917	1.7151	0.7621	0.1097	0.2095	0.6748	-0.5424	-1.6211	1.9815	0.6976	-0.2792	1.2648	-0.3003	-0.8822
RPS6|S6	-1.1887	0.0981	0.5233	-0.2647	0.5858	0.8874	1.1604	-0.1242	0.7325	-0.616	0.5635	-0.7011	0.5106	1.0048	-2.1077	-0.1451	-0.0772	-0.287	0.9743	-0.9685	0.8814	1.2181	0.1877	-0.0959	-0.1114	0.3519	1.1901	0.5946	-0.6514	0.1513	0.7567	0.7653	-0.0273	2.1512	-0.1995	-1.7645	-0.0953	-0.1146	0.0945	1.4251	0.4328	-0.7257	0.1062	0.2235	0.6238	2.2542	-0.0108	-0.4537	-1.5082	0.3952	0.697	-0.1733	-0.5026	0.4283	0.6319	0.5274	-0.3202	0.0185	1.5616	0.017	1.1106
RPS6|S6_pS235_S236	0.0207	0.9904	0.4277	-0.9679	-0.6717	0.5654	0.4081	0.406	1.6522	-0.7603	0.728	1.9534	1.5224	-0.0662	-1.638	0.9796	-1.0174	0.2008	1.5251	-0.2117	1.9537	0.1534	-0.2562	0.9697	-0.0533	-0.6141	-1.6989	0.7066	0.4114	0.7904	-0.3398	-1.0471	-0.0356	0.0944	-0.2149	-0.82	-1.0377	0.5944	0.3381	0.7317	0.8323	-0.347	0.0364	-1.4554	0.1854	1.3744	-0.5014	0.1655	0.0355	-0.2166	0.4859	1.1043	0.2263	0.2276	0.7674	-1.3432	0.6561	0.616	2.4814	0.2541	1.7716
RPS6|S6_pS240_S244	0.7943	-0.5578	0.2117	-0.8581	-0.4011	0.4943	0.5478	0.7389	1.3767	-1.2147	1.4383	2.1651	1.2101	0.4109	-1.406	1.3678	-0.1959	0.006	1.0722	0.1676	2.4676	-0.4097	-0.2747	0.9458	-0.19	-0.0874	-0.8809	0.5858	0.3968	0.3092	-0.2719	-1.3454	-0.5635	0.1329	-0.0918	-1.8708	-0.6539	0.5881	0.0667	0.5191	0.615	-0.288	-0.0057	-1.4401	0.0364	1.4064	-0.2195	0.1735	-0.0966	-0.4999	0.0654	1.057	-0.1223	0.423	1.0571	-2.1331	0.6223	0.5636	1.9311	0.1399	0.3412
SCD1|SCD1	-1.0538	0.0967	-0.6175	1.7383	-0.102	1.9326	0.2843	0.3263	0.4301	-0.8296	-1.1156	-1.1802	-1.1134	0.476	0.1428	1.1915	0.9286	-0.4791	-0.1367	0.3388	0.5512	-1.0926	1.0407	0.3214	0.9701	0.3497	0.1724	1.4288	-0.2488	0.104	1.2227	0.3025	-0.3517	-0.7355	1.3674	0.162	0.3235	1.3113	-0.0798	0.1263	0.8667	0.3749	0.1025	0.244	-0.3467	0.3717	0.7796	0.3013	0.1856	-0.5884	-0.9042	1.4468	-1.3537	0.6608	1.1923	-1.4208	-0.1964	0.8463	-1.1546	0.7773	-0.9851
SFRS1|SF2	-2.7823	1.0154	1.1966	-0.2964	1.2393	0.5987	-0.0471	-0.7616	1.0277	1.4873	0.2831	0.7075	1.221	0.526	0.869	-0.7747	-0.9048	-0.1247	-0.5574	0.596	-0.1697	2.0368	-0.7612	0.0328	0.0393	0.1942	2.2386	-0.2375	0.0947	0.4769	1.6531	1.5452	0.4189	2.4418	-0.0933	-0.8436	0.0863	0.9785	-0.0234	-0.3269	0.4696	0.0915	0.1021	-0.2112	-0.0055	-0.7276	-0.003	0.6875	-0.8492	-0.3051	1.9201	0.4758	1.6405	0.5841	1.0752	-0.828	0.2384	0.8535	-0.8162	0.1375	1.1812
STAT3|STAT3_pY705	1.7868	0.0566	1.4647	0.5979	-1.4042	1.5904	-0.3081	1.2613	-0.0331	-1.3652	0.6925	2.1559	0.7824	2.2135	-1.8001	-0.5921	-1.7867	-0.2807	-0.316	2.1912	-0.7183	1.0084	-0.475	0.2667	-1.1121	-0.5814	-1.3169	0.6942	-1.0783	1.5005	2.1375	-0.134	0.0803	0.0588	-0.9045	-0.6136	-0.6884	0.0559	-0.2489	0.8396	-0.1206	-0.2605	-0.3874	-0.688	-0.5282	1.1674	0.0305	0.6438	-0.1542	-0.0913	0.9212	-0.0309	0.9362	-0.9209	-0.9952	0.3321	0.4808	0.6462	1.3405	0.1894	1.9524
STAT5A|STAT5-alpha	-0.563	0.0632	-0.6488	-1.1512	-0.3722	-1.3773	-1.0777	0.1281	1.1546	0.8804	-0.1228	-0.1361	-0.9492	-0.0139	-1.2499	-1.0575	0.6059	0.8788	0.3532	0.0202	0.0852	-0.0857	0.0492	-1.4242	-0.0029	-0.3264	2.0187	-0.5685	0.9793	1.4385	-1.3073	0.0083	0.3247	0.6338	-1.5176	-1.426	0.1441	-1.245	0.9901	0.2981	-0.301	-0.3223	0.2814	-0.5789	-0.0276	-1.089	-1.0058	-1.0945	0.5696	1.365	-0.2925	-1.7254	1.1367	-0.4955	-0.4041	-0.299	0.1881	-0.6652	0.9437	-0.3434	2.5607
SHC1|Shc_pY317	0.3126	-0.4721	-0.2702	0.4524	-0.1584	0.5971	2.8243	-0.39	0.5054	-1.0264	-0.5288	-1.4223	-1.2117	0.6227	-1.4618	0.2471	0.3643	-0.8155	-0.5654	0.2753	0.0567	-0.787	0.8842	0.0698	1.1423	0.7585	-0.2526	1.6233	-0.1237	-0.0902	0.2929	-0.4024	0.1739	-0.5261	0.4075	-1.6527	0.5381	1.0206	-0.2552	0.0424	0.7591	-0.192	0.346	-0.717	0.0456	-0.5139	0.6174	0.4967	-0.1492	-0.2192	-1.2214	1.3099	-0.5672	-0.0322	0.8262	0.0293	-0.0531	0.656	-0.6565	0.304	-0.8801
SMAD1|Smad1	0.8079	0.4609	-1.1332	0.7868	0.2207	-0.9281	0.8862	-1.0136	1.1766	0.5519	1.1013	-0.3383	1.1325	0.9826	-1.8319	0.2787	-2.1096	-0.8147	-0.1838	-1.0151	-0.2391	-1.0524	-1.1727	2.0953	0.3704	-0.6475	1.4866	-0.5337	-1.4011	1.085	1.1282	-0.5771	1.166	1.3056	-1.3392	0.526	-0.6472	-0.7702	-0.0791	-0.0287	-0.5186	-0.2254	-0.6399	0.0732	-0.265	-0.6752	-0.418	-0.0965	-0.67	-0.0923	1.4548	-0.1855	1.2257	0.0747	0.0681	0.2138	0.5447	-0.4062	0.6661	-0.5725	2.9332
SMAD3|Smad3	-0.1144	-0.3383	-0.2972	-1.0318	-0.8098	-1.0097	-1.2207	-0.5321	-1.1711	0.3965	1.3804	1.3012	0.3276	-0.4481	0.4945	-0.8059	0.3877	-1.0057	-0.527	-0.5951	-0.5404	0.3843	-0.2573	-0.4267	-2.1351	-0.1105	1.33	-1.5719	0.4866	-1.2198	-0.4931	0.2689	-0.8178	1.775	0.1769	0.061	0.5867	-1.4586	0.1556	0.2421	-0.8745	1.1114	-0.7919	0.0912	0.5682	-0.2492	-0.7277	-1.3573	-0.3534	0.4231	0.2251	-1.1279	-0.4673	-1.1143	-1.0158	0.1435	0.9661	-0.7392	0.4074	-0.7602	-0.2866
SMAD4|Smad4	0.4556	-0.4963	0.835	2.4187	-0.2305	1.8167	0.4376	0.1508	1.0368	-0.7439	-0.6886	-1.3577	-0.669	1.8225	-0.2282	-0.0693	-0.3695	-0.7896	-0.8301	0.9122	-0.882	0.0897	-0.2814	2.0077	-0.1091	0.3591	-0.5102	1.4	-0.5449	0.3906	1.2378	0.4361	0.9601	-0.6806	0.2022	4.8013	-0.535	1.776	-0.0301	0.3527	0.1966	-0.8278	-0.0797	-0.1572	-0.4223	-1.1135	0.8632	0.1375	0.2986	-0.9373	0.5699	0.8079	-0.1018	1.35	1.1635	-1.0228	-0.654	0.0956	-1.0803	0.5147	0.8343
SRC|Src	2.4941	0.849	0.1	-0.1624	0.9525	1.1796	1.8765	-0.696	2.6719	-0.5666	-0.4751	-1.7361	-0.6117	1.5474	-3.4942	-0.6701	-1.4586	-0.9588	-0.5171	0.5804	-0.5454	-0.7352	-0.2685	0.219	0.0729	-0.7894	0.9215	1.185	-0.7809	0.9997	2.3115	1.6338	0.7343	-0.0589	-0.4801	1.0675	-0.3422	-0.0111	0.3311	0.3005	-0.1219	0.0305	-0.4078	0.4526	-0.2908	0.4442	0.11	-0.3327	-0.4144	-0.6348	2.418	3.2111	1.8455	0.1527	1.4964	-0.163	0.2163	-0.3612	-0.2493	-0.1042	1.5887
SRC|Src_pY416	2.95	-0.7321	0.0788	0.6941	-0.1438	0.2223	3.3867	1.0335	-0.2744	-1.1967	3.4479	0.1721	0.5613	0.1366	1.5772	-0.4096	-1.2163	0.3449	-0.1544	2.4309	0.9635	-0.2101	-0.4313	-0.2145	0.0579	-0.5045	-1.4953	-0.4262	0.6626	1.4275	0.0926	-0.5984	-0.3153	-1.1145	-0.2803	0.1909	0.428	0.8343	-0.4417	-0.0307	0.671	-0.0792	0.6973	0.3149	-0.1372	0.4603	0.6115	0.8286	0.4384	-0.7299	-1.7872	-0.7092	0.3159	0.6527	-1.6985	-0.0646	0.3932	0.6409	-0.4807	0.6036	-0.2736
SRC|Src_pY527	1.0076	0.5668	0.64	0.2253	0.3214	0.2559	0.1602	-1.2858	-0.4586	-0.9865	-0.0484	0.924	-0.3201	-0.1702	1.1262	-0.906	-1.5774	-0.0593	0.045	0.3279	1.4538	-0.0301	-0.6234	-0.4991	-0.6888	-0.864	-2.1379	0.1616	0.7252	1.5221	0.5929	-0.0925	1.0433	-1.5552	-0.1179	0.5471	-0.4227	0.1823	-0.2902	0.3488	0.7289	0.4796	0.0201	-0.3786	0.6307	0.4	-0.0095	1.1752	0.7296	-1.069	-1.2128	0.7344	-0.7153	1.6758	-0.5971	-0.9206	0.8742	0.5165	-0.1439	0.7918	-1.1784
STMN1|Stathmin	-0.0835	-0.5496	-0.2492	0.3154	-0.771	0.0927	-1.5764	0.8264	-1.6098	-1.7265	0.0246	0.1215	-1.5162	-1.1015	4.6112	-0.2067	0.7359	-0.5927	0.1608	-0.4031	-0.5515	-0.0346	-0.4773	-0.2085	-0.6718	0.3445	-0.1601	-0.5458	0.1958	-0.7771	0.1262	-0.055	-0.6719	-2.0481	-0.1442	2.4595	0.7358	-0.1927	-0.4939	-0.636	-0.1256	-0.1554	-0.5058	0.4717	-0.6081	1.7922	0.4994	-0.0346	-0.0362	-0.9599	0.8691	-0.09	0.7042	0.044	-1.1299	2.1142	-0.1097	-0.7163	0.0097	-0.7153	-0.3365
SYK|Syk	0.929	1.1465	0.6236	-0.2851	-1.2522	0.6739	-1.4241	-0.0495	0.6377	1.3905	-0.1789	1.1682	0.3308	-0.909	-2.664	-0.6104	-1.7756	1.5057	0.8557	0.8808	1.298	-0.3084	-1.0757	-1.5152	0.0192	-0.288	1.427	-0.1561	-0.3847	0.9249	-0.2358	0.3968	1.2094	-0.8739	-1.8701	1.9713	-1.0585	-0.216	0.0816	-0.9722	0.3964	-0.3352	0.1951	-0.813	0.119	-0.2649	-0.3689	-0.185	1.1133	0.4791	0.0441	-0.4692	1.7805	0.5463	-0.2992	1.2056	0.6765	-0.8507	1.3516	-0.5269	0.68
WWTR1|TAZ	-0.0227	-0.681	-0.8453	-0.314	0.3063	-0.3703	-0.5944	0.3583	1.9478	0.1402	4.6501	0.4048	1.6168	-0.5903	-0.1424	-0.2512	-0.3601	3.2431	-0.2744	-0.8246	0.0392	-1.1589	-0.2401	0.4487	-0.4444	-0.0921	-0.7312	-0.3217	-0.0978	-0.7027	-0.6247	0.0606	0.1926	-0.2477	0.1707	0.1404	-0.0941	0.2021	-0.4876	-0.5763	-0.195	-0.0643	-0.3931	-1.1825	-0.8491	-0.3818	-0.6925	-0.3514	-0.3353	-0.3119	-0.3418	-0.4977	0.0626	-0.8828	-0.9877	0.2636	0.3409	-0.4921	0.0563	-0.0597	0.3581
TFRC|TFRC	-0.3757	-0.7923	-0.2951	-1.2185	0.3588	-1.3196	0.4727	-2.263	0.3209	0.491	4.7459	1.3836	1.5984	-1.0546	1.2104	0.4909	1.3881	0.4481	1.0202	-0.5925	0.0099	-0.1017	0.3171	-1.1866	-0.7658	-0.7755	-0.1468	-0.3276	-0.2634	-1.481	-1.1913	-0.2486	-0.9099	1.0581	-0.5759	-0.945	0.2122	0.2376	-0.3727	-0.3326	-0.0886	-0.5078	-0.3469	-0.6485	-0.3956	0.5475	0.1962	-0.3564	-0.2394	0.0389	-0.1307	-0.43	-0.7835	-0.578	-0.0477	-0.7925	-0.5	-0.0878	-0.7301	-0.2282	2.384
C12ORF5|TIGAR	0.846	0.8593	0.6988	0.0054	-0.737	-0.0455	-1.096	0.3612	-0.9837	2.0466	1.673	2.0814	0.3422	-1.5106	0.8279	-0.3057	-0.426	0.8843	-0.694	-0.6252	-0.7576	0.7615	-0.7006	-0.662	-1.003	-0.4374	3.8046	-1.2086	0.4058	-1.1769	-0.5579	-0.1785	-0.9458	-0.094	-0.04	0.3108	-0.2214	-0.6029	-0.2113	-0.463	-0.567	-0.6755	-0.4616	-0.0396	0.0014	0.9379	0.083	-0.1026	0.164	-0.0288	-1.0069	-1.4283	0.9953	-0.4388	-1.1132	0.8905	-0.3052	-0.5738	0.1949	-0.3433	0.5769
TSC1|TSC1	-0.6264	0.6236	-0.0847	0.014	-0.2494	-0.7716	-1.226	-0.8519	-0.0698	-0.6889	-2.1309	-0.314	-1.4017	-0.3536	1.8925	-1.0196	1.9741	-0.6949	0.4628	-0.7893	0.578	-0.4023	0.4378	-0.4545	-0.6849	-0.4547	1.7623	-1.1149	1.7271	-0.2449	-0.5643	0.7661	1.0898	-0.1865	-0.7589	0.6224	0.9775	-1.2867	-0.4269	0.3615	-0.8232	-0.0888	-0.3496	0.3678	0.474	-0.023	0.5656	-0.5324	-0.5316	1.0422	0.4215	-0.6667	0.1727	0.8244	-0.5161	-0.3675	-0.4137	-0.9664	0.7149	-0.495	0.1775
TTF1|TTF1	0.1872	-0.7598	-0.5629	-0.6412	1.0465	-0.3642	-0.3623	-1.1236	-1.5159	-0.7944	1.3133	-0.2942	1.2783	-0.7357	-0.2222	0.3417	0.862	0.6212	-0.6349	-0.5489	-0.6839	0.0951	0.0338	-1.2724	-0.0257	-0.1975	-0.4806	-0.3256	-0.3583	-1.1791	-1.0348	-0.5534	-0.984	0.6831	0.7311	-0.1233	-0.0325	0.6917	-0.2789	-0.3802	0.3597	-0.3673	-0.0381	-0.2435	-0.0048	0.2124	0.3914	0.2514	-0.3014	-0.8489	-1.5508	-1.4057	-1.2146	-0.5171	-0.8778	0.2381	-0.2278	0.6527	-0.3624	0.0301	-0.776
TGM2|Transglutaminase	-1.0006	-0.8055	-0.3891	0.2976	-1.042	-1.0884	-0.2989	-1.5688	0.8124	2.8726	1.7459	0.1733	2.7454	-0.7615	0.3545	-1.2966	0.1085	-0.9381	0.4021	-1.344	-0.5309	-0.3114	-0.4542	1.0659	-0.8258	-0.8624	-0.2898	-1.245	-0.3483	-0.7131	-0.512	0.1402	0.1976	-0.2054	-0.0447	5.4356	0.2242	0.1625	1.0249	-0.6826	-0.5856	-0.5182	0.2472	1.0109	-0.6389	3.106	0.4943	0.7485	0.8047	0.8328	-0.6143	1.0659	-1.2772	-0.2188	-1.2035	0.9135	-0.2777	-0.4459	-0.3224	0.0978	-0.6174
TSC2|Tuberin	-0.8108	-0.1876	0.3054	-0.2074	0.3311	-1.657	-0.3805	0.395	0.4598	-0.0918	-2.514	-0.6505	-0.8724	0.0803	1.0216	-0.6556	1.5804	-0.7976	0.2568	-0.2046	0.1502	0.7677	0.6804	-0.966	-0.806	-0.6494	0.9216	-0.943	1.1564	-0.4305	-0.9839	0.9667	0.4416	0.6192	-0.5679	-0.4392	0.9354	-1.4981	0.3209	0.5562	-0.7102	0.412	-0.1119	0.7762	0.6721	-0.3279	0.1804	-0.7025	-0.8153	0.3501	0.6757	-0.0755	0.2239	0.1234	0.1556	-0.6008	0.175	-0.6824	0.9829	-0.2022	-0.3186
TSC2|Tuberin_pT1462	-0.9334	-0.2246	0.54	-0.4129	0.4236	-1.3586	1.0929	1.2243	1.255	-1.4372	-2.545	-1.5391	-0.2446	0.465	-1.5008	-0.1918	0.0211	0.1706	0.7204	0.5116	1.0983	0.9555	-0.3166	0.6392	0.5542	0.4305	-1.7307	-0.2979	0.4446	0.9493	-0.4223	-0.1462	0.6274	0.03	-0.4899	-0.3987	-0.4396	0.1848	0.3944	0.8946	0.5708	0.2191	0.1431	-0.6764	0.87	-1.0717	0.1962	-0.0631	0.2589	-0.185	-0.1476	-0.1843	0.2342	-1.617	-1.5966	-1.3022	0.1068	0.45	0.961	0.54	-0.0696
KDR|VEGFR2	-0.719	-0.947	1.2155	0.6342	-0.6577	1.2867	1.0743	0.4826	0.3159	-0.22	1.0586	6.299	1.4272	-0.4238	-2.4788	-0.1872	-1.5776	0.7546	0.9662	-0.4791	0.886	0.2912	0.1557	-0.4553	1.1375	0.3088	-0.6808	0.3457	-0.5542	0.3669	1.0923	-0.7181	2.3014	0.2834	-0.0616	-0.8444	-0.4624	0.0166	-2.2797	-0.267	0.4655	0.0552	-0.125	-1.0736	-0.0485	-2.1877	-1.1936	0.3688	0.78	-0.1244	0.4454	-0.5824	0.4574	0.9605	0.0196	0.8188	-0.0084	-0.2293	1.1526	-0.086	0.2142
VHL|VHL	0.671	-0.739	-0.1636	-0.3681	-0.7811	-0.1425	-0.3767	-0.3283	3.7272	-0.4748	-1.2731	0.1008	-0.8974	-0.6053	0.4594	0.0409	0.6309	-1.1101	0.6672	-0.3429	-0.0268	4.7965	1.9296	-0.5949	1.468	-0.0024	-0.9118	0.0989	-0.5009	0.4257	-0.1309	-0.9584	-0.4009	-0.0552	-0.2274	NA	NA	NA	NA	NA	NA	NA	NA	NA	NA	NA	NA	NA	NA	NA	-0.5128	0.1011	-0.4978	-0.8029	0.316	NA	NA	NA	NA	NA	0.8109
XBP1|XBP1	NA	NA	NA	NA	NA	NA	NA	NA	NA	NA	NA	NA	NA	NA	NA	NA	NA	NA	NA	NA	NA	NA	NA	NA	NA	NA	NA	NA	NA	NA	NA	NA	NA	NA	NA	-1.5591	0.5855	0.3923	-0.6599	-0.712	0.2514	1.985	0.0776	0.0218	-0.5283	-0.2385	-0.2706	-0.5403	-0.0704	-0.8044	NA	NA	NA	NA	NA	-1.1569	0.9555	0.0347	-1.1209	0.3608	NA
XPB1|XPB1	-0.2371	-0.0839	0.2849	-0.7137	0.773	0.3825	-0.5761	-0.6226	-0.4987	1.5127	-0.4009	1.5533	-1.0099	-0.2037	3.4068	0.638	-0.0545	-0.2327	0.8125	-0.7356	1.3186	0.0036	0.0657	-0.8463	-0.2714	-0.6987	-0.5854	0.7087	0.5555	-0.315	0.1482	0.6062	-0.3283	-0.7737	1.9023	NA	NA	NA	NA	NA	NA	NA	NA	NA	NA	NA	NA	NA	NA	NA	-1.1289	-1.5229	-1.0164	-0.649	-0.5457	NA	NA	NA	NA	NA	-0.0939
XRCC1|XRCC1	-0.3719	-0.3121	0.2658	-0.6415	-0.5835	-0.1331	-0.1079	-0.056	0.2321	1.3856	-0.3606	0.3797	1.0534	0.7324	-3.0016	-0.3913	-0.4769	-0.8055	-0.4753	-0.1279	-1.2187	2.9542	0.0468	0.0444	0.6561	1.1045	1.0984	0.2007	-0.2663	0.4886	0.3062	0.7939	0.3243	1.6014	-0.4393	-0.5633	-0.7276	0.9404	0.0333	-0.0177	0.9817	-0.5449	-0.6428	-0.7363	-0.1029	0.3697	0.2224	-0.0807	-0.2521	-0.7333	1.8317	0.4573	0.0684	-0.7478	0.3425	-0.6059	-0.0574	0.5996	-0.6737	-0.1561	1.6508
YAP1|YAP	0.5798	0.1823	-0.1389	-0.1836	-1.247	0.4198	-1.4374	0.5874	2.3179	1.6058	2.2373	-0.4662	0.2327	-1.0816	0.3152	-0.2162	-0.6138	0.2776	-1.0573	0.5669	0.0366	-0.4574	0.2705	-1.0392	1.2779	0.6227	1.328	-0.1751	-0.1375	0.2469	0.4941	-0.3188	1.1178	-1.3615	-0.3741	-0.5358	-0.2795	-0.3369	-0.2947	-0.4043	0.0388	-0.099	-0.1526	-0.8011	-0.8019	-0.424	-0.179	0.419	0.1935	0.2799	0.096	1.0402	0.6687	0.2771	-0.2455	1.0812	0.1003	-0.217	-0.4827	0.1799	2.3878
YAP1|YAP_pS127	0.2904	1.1093	0.3266	-0.4129	0.0434	0.4134	-0.6647	-0.1807	0.9195	0.19	1.959	-0.4005	-0.2461	-1.1679	-0.0309	-0.3373	-1.5367	1.2557	-0.5875	0.2491	0.5783	-0.1068	0.0416	-2.8245	0.778	0.6089	-0.4484	0.0795	0.3829	0.6384	0.2858	0.0457	1.3053	-0.9653	0.3138	-1.8437	-0.47	-0.4449	-0.1494	-0.3148	0.4649	0.3591	-0.009	-1.5349	0.0213	-1.373	-1.1892	0.8544	0.6101	0.5269	0.1609	0.9574	0.9453	0.5187	0.291	0.6385	0.8005	0.1978	0.1632	0.6632	1.012
YBX1|YB-1	-2.0874	0.5943	-0.9603	0.3388	0.763	0.0889	1.7276	0.078	0.2097	-0.5443	-0.5345	-2.2937	-2.3719	-0.3138	-2.2727	-0.8908	1.3065	0.3936	-1.6356	0.7637	-1.2255	-1.7414	-0.8049	0.4221	-0.3433	1.4661	0.3723	1.5427	0.4261	0.4016	0.6019	-0.0145	1.059	0.5807	0.6041	-2.0634	1.0018	-1.4621	-0.8066	-0.1088	-0.3252	0.5428	-0.1027	-0.0036	-0.4124	-2.216	-0.9149	-1.1636	-0.7137	0.9439	0.2938	0.2764	0.4412	-0.6042	0.8446	-0.4233	0.5356	-0.2749	0.5511	-0.0817	-1.6429
YBX1|YB-1_pS102	-0.3477	0.577	0.6031	-0.732	0.3776	-0.5375	2.2544	0.056	1.6926	-0.3176	2.2085	1.6339	0.745	-0.5164	-0.7588	-0.3649	-0.8898	0.0114	-0.412	0.0596	-0.5871	-0.8069	-1.3878	-0.0543	-0.6473	-0.2574	-0.8488	-0.9893	-0.3341	0.1535	-0.1034	-0.94	-0.8002	-0.3587	0.3059	-0.9276	0.181	-0.4856	-0.2525	0.0703	0.2675	0.3347	2.0666	-0.4952	-0.3142	-0.4104	-0.2006	-0.0622	-0.4021	-0.0032	-0.5424	-0.7812	2.1609	-1.0292	-1.9137	0.7796	1.8464	0.0072	1.3479	-0.6061	-1.4496
CTNNB1|alpha-Catenin	-1.7174	1.1364	0.6763	0.9485	0.3749	1.7313	-1.1989	-0.4811	-0.0117	-0.3261	0.8423	0.8426	0.2075	-0.4287	-1.7933	-0.0153	-2.3035	1.807	-1.3816	0.0651	0.4974	-0.5424	0.7718	-0.3471	1.0054	0.0725	0.3817	1.2025	0.8189	1.4136	1.17	-0.7449	2.0747	-0.9338	1.7082	-0.1487	-0.1011	0.7101	-0.0112	-1.6963	0.439	0.0529	0.3338	-0.4537	0.1792	0.4027	0.4892	0.5784	0.0466	-0.3313	0.6267	1.9804	1.9812	1.5772	1.2059	-0.0092	0.0197	0.5863	-0.3569	0.3394	-0.5636
CTNNB2|beta-Catenin	0.2076	1.0935	-0.1871	-0.7464	0.5604	-1.2533	-0.3826	-2.3674	-0.3283	2.3344	1.5827	-0.0642	1.2068	-1.142	1.1894	0.8806	0.2984	1.1552	-0.8348	-0.0293	0.2745	-0.6224	0.3378	-0.4494	0.0491	-0.7056	2.2567	-1.331	0.7507	-0.4113	-1.0962	-0.8179	0.5744	0.5708	0.6094	-1.7924	-0.1806	-1.4848	0.7558	0.0641	-0.3343	0.3791	0.5311	0.0075	0.0847	-6.4972	-0.9787	0.3485	0.8929	0.4497	-1.5516	-1.1993	-0.0171	0.2818	-0.4499	-0.4332	0.5479	-0.0233	0.3638	0.1901	1.0909
JUN|c-Jun_pS73	-2.7507	-1.0759	0.2274	-2.0293	-0.9732	-0.7712	-1.135	0.2835	2.7011	-1.5837	0.7822	1.0129	1.119	0.0943	-0.6711	0.031	-1.3135	-0.6564	-0.56	0.914	0.3374	1.1783	-0.4818	1.2091	0.4976	0.6499	-0.8783	0.5788	-0.5081	0.8184	1.7739	-0.3222	3.1912	0.3862	-0.5158	-0.1044	-0.5568	0.1548	-0.1239	0.125	0.1856	0.2578	-0.2424	-0.7101	0.0073	-1.5373	0.046	-0.1622	0.2094	-0.0437	1.5534	0.4102	0.5912	-1.7733	-0.5537	-0.0737	-0.832	0.1172	2.8312	-0.6623	0.3961
KIT|c-Kit	-1.8345	-1.0505	-0.6262	0.2247	-0.0483	-1.5284	-0.6445	-1.474	-1.9415	1.1953	-1.0114	1.0614	-0.858	0.0305	3.0302	1.5768	0.5561	-0.8427	-0.2333	-0.837	-1.6237	-0.0947	1.1929	2.6301	-1.3348	-1.171	-1.4606	1.2385	1.1184	-0.3782	0.7707	1.201	-1.3096	0.7022	1.7749	-0.4314	0.0698	0.2554	0.5546	0.7192	-0.3695	0.7263	0.6538	0.0533	-0.2856	-0.3689	0.0907	-0.4548	1.3656	0.0201	-0.0931	0.9445	0.3242	-0.4631	0.1715	-1.1769	-0.492	-0.2228	-0.4532	0.2995	-1.1296
MET|c-Met_pY1235	-0.8677	0.9421	-0.7648	2.0924	0.2341	1.5613	-0.9652	1.0672	-0.8458	-0.3554	0.8519	-0.6647	-2.0631	-0.7059	0.6602	-0.1066	-0.0045	-0.314	-0.2688	-0.7351	-0.22	-1.2947	-1.0541	2.1496	-1.3914	-0.0088	-0.87	-0.3031	-0.2611	-1.2283	-0.4995	0.3429	-0.0243	-1.8439	0.2146	1.5368	0.5926	-0.158	-0.0956	-0.6881	0.1884	0.5629	-0.1124	0.3685	-0.5532	1.8745	0.9005	-0.1641	-0.6127	-0.689	-0.1945	-1.5205	0.4742	1.3467	-1.1885	2.1623	0.198	-0.2089	-0.5271	-0.3529	-0.6351
MYC|c-Myc	1.764	-2.1083	0.3818	-1.9562	0.029	-0.3609	-1.2047	2.7127	4.6426	0.4508	1.9115	-0.0213	0.767	0.4178	-0.457	-0.1737	-1.0272	0.4608	0.0807	0.3812	0.1159	-0.1082	-1.0822	0.3691	-1.7715	1.5651	-1.2633	-1.5714	-0.5538	-0.3	-0.0948	-0.5794	-1.1509	-0.1589	-1.6141	0.7017	-0.36	0.2572	-0.2505	0.284	-0.1568	-0.3572	0.182	-0.2238	-0.1015	0.1476	-0.0622	0.0242	0.317	0.0751	-0.0308	0.3111	1.6428	-0.2848	-1.0719	0.1379	-0.4105	0.0711	-0.1018	-0.1605	-0.6839
BIRC2 |cIAP	0.7069	0.6432	-0.076	-0.8899	-0.2443	0.7816	-0.7634	-1.4262	2.8981	0.0103	-1.2832	-0.2807	-0.2119	0.0289	-0.8804	-1.3822	0.8892	0.3162	-1.3707	-0.463	-0.5441	1.227	-0.0336	-0.4277	-1.8124	0.0705	2.8034	-0.7594	-0.1283	-0.1188	-0.2488	2.1427	1.2254	0.038	-1.586	0.5105	-0.4136	-0.2643	0.6057	-0.1226	0.1595	-0.675	-0.8011	0.3959	-0.5335	-0.1381	0.4646	0.7398	-0.451	-0.4076	1.4225	2.196	0.7791	1.3453	0.4592	1.0542	-0.2606	-0.3466	0.2587	-0.4377	1.016
EEF2|eEF2	-2.4953	-0.7051	-0.0169	0.1763	-0.4567	-0.6617	1.7787	-0.1697	-0.4795	1.1835	3.9268	0.1821	3.9629	-0.3603	-0.9851	-0.0978	-0.9197	1.3653	0.005	0.4883	-0.2229	1.3694	0.1258	-0.4235	0.1911	-0.0692	-0.5306	-0.4837	-1.0388	-0.1188	-0.1789	-0.8291	-0.0466	2.578	-0.0309	-2.7932	-0.3319	-0.161	0.3119	-0.4072	-0.2652	-0.4083	0.142	-0.1543	-0.6565	1.5029	-0.1714	-0.2916	-0.2591	-0.4285	-0.99	-0.6472	0.4623	-0.7888	-0.3917	0.3038	0.0344	-0.2784	0.2498	-0.064	0.7866
EEF2K|eEF2K	-1.8554	-0.1744	1.3465	-1.2916	-0.8805	-0.494	0.1804	0.0902	0.7783	0.3987	0.3843	-0.7144	1.5966	0.6761	-2.0765	-0.1541	-0.7216	0.2813	-0.177	0.897	-0.1556	1.9607	0.3613	-0.9819	0.8396	-0.055	0.6013	0.2891	-0.2932	1.0615	0.2244	0.1845	1.559	1.8251	-1.4394	-2.343	-0.7644	0.12	-0.0207	0.6662	0.1519	-0.5011	-0.2263	0.2189	0.2647	-1.837	-0.4538	-0.2625	0.2924	1.9794	0.7938	-0.606	1.4188	-1.0712	0.4986	0.1837	0.0728	0.1972	1.0359	0.4582	-0.1548
EIF4E|eIF4E	0.6526	0.8228	-1.4412	2.1303	0.3399	1.2033	0.4777	-0.3112	2.2965	1.3674	1.4536	1.1078	-0.2501	0.7356	-0.9643	-1.3872	0.4649	-0.6307	-0.608	-1.063	-0.4427	0.1635	-0.3433	0.6597	-0.0658	-0.0252	-0.7355	-0.4843	0.1369	-0.5551	0.0962	-0.07	-0.7071	-0.8997	-1.1637	1.2701	-0.0722	0.7303	0.4224	-0.0986	-0.091	-0.5429	-0.2894	-1.2583	-0.9482	2.8474	0.1767	0.3558	-0.6083	-0.3657	1.1282	-0.9784	1.4695	0.4622	0.7635	0.1601	-0.2119	-0.5795	-0.1608	-0.1196	1.1001
EIF4G1|eIF4G	-2.757	-0.0027	0.0333	-2.9393	0.108	-2.4384	0.9675	0.3073	1.4007	-0.0618	0.7027	-0.0787	0.3529	-0.3006	-0.1979	-0.1356	0.4818	0.3172	0.1218	-0.8141	0.4098	0.8262	0.5004	-0.558	0.0899	-0.0963	0.8043	-0.8411	0.3612	-0.1738	-0.7013	0.5897	0.9882	1.3317	-1.1115	-1.1004	0.3278	-0.5441	0.1867	0.2678	0.0126	-0.1875	-0.1225	0.1047	-0.008	-3.908	-1.788	-1.0258	0.1761	-0.0794	0.6323	-0.0149	0.1366	-1.8396	-1.1047	-2.4494	-0.4672	-0.3205	0.6985	0.1262	0.6856
FRAP1|mTOR	0.7442	0.6483	0.7482	0.8022	-0.2362	-0.2072	-0.5887	-2.0858	0.9174	0.8927	-1.17	-0.0275	1.4548	-0.9778	-0.5576	-0.0579	0.5136	0.2978	-0.936	-0.5675	0.2054	1.1887	-0.3644	-1.8192	0.8752	-0.6227	1.7991	-0.5557	0.1299	0.4201	-0.1253	1.522	0.4056	-0.4201	-0.739	0.0498	0.2404	-1.7226	0.8207	0.0239	0.2123	-0.0866	0.1944	0.0455	0.3586	-0.862	-0.1633	0.5554	0.8383	1.2949	0.3447	-0.9175	-0.5146	1.0756	0.0795	0.3225	0.6805	-0.4227	0.6584	-0.1583	0.6454
FRAP1|mTOR_pS2448	2.5734	1.4272	-0.1422	-0.0645	0.6811	0.4656	0.1126	-0.2564	0.6062	1.4544	-0.5134	1.6236	1.2095	-0.4856	1.0981	0.2156	0.4041	0.3871	-0.0439	0.2734	1.9877	0.5544	-0.8623	-0.6006	0.2336	-0.7063	-0.8061	-0.193	0.3881	-0.0901	-0.4844	0.0302	-0.5402	-1.108	0.6736	-1.8861	-0.229	-0.445	-0.3973	-0.4607	0.0223	1.0978	-0.1425	-0.3735	-0.4726	-0.0469	-0.6672	0.2629	0.2741	-0.5324	-0.4611	-0.7099	-0.7625	-0.075	-0.7506	-1.2074	1.072	0.3431	0.0994	-0.1383	0.0265
CDKN1A|p21	-1.236	-0.221	0.119	-0.06	0.0328	-0.1147	-0.2757	0.5065	0.1418	-8e-04	0.3927	-0.3126	-0.2106	-0.1341	0.029	0.1715	0.4197	-0.1034	0.3733	-0.2397	-0.1168	-0.0812	0.1809	0.1833	-0.3346	0.2041	0.13	0.0811	-0.099	-0.2	-0.3026	0.1024	0.1001	-0.2013	-0.0651	2.038	-0.7554	0.3917	0.2091	-0.6831	-0.7948	-0.0341	0.0492	-0.0404	0.2717	-2.1388	-2.821	1.221	2.1177	0.0888	0.1188	0.1399	-0.1408	-0.281	0.0481	-1.4501	0.8986	0.9825	-2.2184	0.4526	0.5259
CDKN1B|p27	-1.5125	-0.194	-1.7167	0.0491	-0.3395	-0.0717	-1.3675	-0.2149	-1.3267	1.3028	-0.719	0.0307	0.1345	1.252	3.3069	-0.3398	-0.9286	-1.2605	-0.4807	1.5654	0.3176	-0.5305	-1.0759	0.7423	-0.0984	0.1656	0.6532	-0.6599	0.1455	0.8022	0.0174	-0.9813	0.7193	-0.028	-0.4171	1.072	-0.1887	-0.8163	0.2698	0.2978	-0.1836	-0.1455	-0.1876	-0.5335	0.4775	0.2557	-0.3059	-0.5289	-0.0488	-0.2785	0.5989	2.4319	-0.5523	-0.5594	1.3856	0.4792	-0.3505	0.1496	-0.9829	0.2213	1.93
CDKN1B|p27_pT157	-0.2539	-1.1936	-0.5641	-0.8257	-0.8582	-0.3621	0.1368	0.1341	-1.1669	-0.2743	0.1435	0.1165	0.5677	0.6753	0.547	0.1597	0.1457	-2.033	0.3792	-0.4511	-0.1117	-0.3474	0.0528	-0.1061	0.3423	0.0198	-0.7632	0.0506	-0.65	-1.1382	-0.1242	-0.6262	-0.5008	-0.4662	0.5746	1.272	0.8252	-0.6524	-0.3011	0.0198	-0.5751	1.8622	-0.6478	1.067	-0.4498	1.4485	0.5838	-0.8071	-1.1897	0.0677	-0.6575	-1.312	-0.8619	-0.969	-0.3968	0.897	0.7238	-0.5562	-0.1374	-0.3735	-0.5667
CDKN1B|p27_pT198	1.7201	-0.7825	-0.7859	-0.0768	-1.2737	-0.1452	-1.5729	1.2678	1.8747	1.4868	-0.3008	-0.4828	-0.6016	1.4703	-0.4732	-0.4075	-1.0019	-1.7021	-0.9938	0.5152	-0.5752	-0.2665	-0.8587	2.3339	-0.1807	0.2553	0.171	0.3227	-0.3554	-0.0886	0.4932	-0.4621	0.2339	1.0459	-0.0941	1.635	-0.3311	-0.4057	-0.0453	0.0932	-0.1904	-0.4948	-0.1065	0.2426	-0.2613	1.4299	0.5882	-0.0615	-0.1176	-0.5444	-0.4697	-1.4354	0.2578	-0.2063	0.1617	1.1047	-0.0522	-0.0281	-0.5783	-0.4612	0.5886
MAPK14|p38	NA	NA	NA	NA	NA	NA	NA	NA	NA	NA	NA	NA	NA	NA	NA	NA	NA	NA	NA	NA	NA	NA	NA	NA	NA	NA	NA	NA	NA	NA	NA	NA	NA	NA	NA	1.0756	-1.712	0.531	0.5471	-0.1375	0.1319	-0.2248	0.2454	-1.019	0.1133	-1.5978	-0.838	1.0527	0.6065	0.1037	NA	NA	NA	NA	NA	2.1354	0.0763	-0.0564	2.0267	0.2805	NA
MAPK14|p38_MAPK	1.3917	0.5969	-0.0097	0.916	-0.6737	0.4747	0.3158	0.2614	0.5172	1.7544	0.2241	0.5719	1.0588	0.3229	-2.2471	-0.6936	-2.1298	0.674	0.0736	-0.5366	0.5818	-0.1368	-1.0422	0.5097	-0.1971	-0.7261	0.0137	-0.4526	-0.7952	0.1354	-0.5702	-0.4805	2.4973	0.388	-0.8112	NA	NA	NA	NA	NA	NA	NA	NA	NA	NA	NA	NA	NA	NA	NA	0.4877	0.8701	1.2767	0.0265	0.1926	NA	NA	NA	NA	NA	2.238
MAPK14|p38_pT180_Y182	2.5483	-0.9181	-0.6939	-0.2472	-0.4125	-0.6822	-0.4167	0.2869	1.2129	2.1413	-0.6936	-0.208	0.5456	0.7585	-2.223	0.2694	-3.0188	1.5304	-0.4597	-0.5091	0.5852	-0.4031	-0.9784	1.0738	-0.2438	0.218	-1.8577	-0.128	0.0745	0.8642	0.011	-0.6517	2.9641	-0.3175	-0.2738	0.5948	-0.742	0.0699	0.7057	0.0554	0.0111	0.0413	0.2698	-0.6303	0.5045	0.7087	0.0511	0.9892	1.0913	0.7618	0.3324	1.3674	1.026	0.0618	0.3801	0.7689	0.6642	-0.0639	1.4258	0.6588	0.8208
TP53|p53	-1.631	-0.837	1.6696	0.8542	-0.4986	0.9842	-0.0241	0.5167	-0.3607	-1.0464	-0.7457	-0.9901	1.6615	0.1984	0.7738	0.2331	0.38	-0.315	-0.5343	0.8781	-0.2178	6.4768	0.389	-6e-04	1.3117	0.6564	0.3579	0.6473	-0.4015	-0.2544	0.527	0.5058	-0.6116	-1.006	-0.3341	-0.3774	-0.092	1.4083	-0.1989	-0.0411	1.3331	-0.1097	0.239	-0.6783	0.1904	-0.1702	1.0256	0.8691	0.1847	-0.865	-0.5852	-0.0442	-0.0677	0.2307	0.3259	-0.7319	-0.2495	1.2659	-1.0989	0.7841	-0.5025
SQSTM1|p62-LCK-ligand	-1.6537	-1.0588	1.0014	-1.2308	-0.3845	-0.6892	-0.1594	0.7559	-0.4022	0.4646	0.1165	0.3464	-0.7521	-0.2538	0.5442	-0.6121	0.7359	-0.1672	0.8299	-0.7371	0.8311	0.1569	0.5874	0.0052	0.7162	0.3135	-0.8204	-0.0305	0.0049	-0.7143	-0.7122	-0.5202	1.3947	-0.6232	0.1487	-0.9723	-0.0652	0.8589	-0.4284	0.1766	0.6409	-0.4854	0.2069	-0.6655	-0.1312	-1.5513	0.4058	-0.1494	1.2006	-0.1549	-1.6159	0.5298	-1.2545	-0.6835	-0.2665	-1.7032	-0.6687	0.7536	-0.4008	0.8478	0.5289
RPS6KB1|p70S6K	-0.3782	-0.0948	0.6357	-1.691	-0.728	-0.752	0.1348	0.0742	0.0285	-0.2922	-0.3192	-0.0447	1.4379	0.4203	3.575	-0.4039	-0.3398	-0.3406	0.382	0.0698	0.0822	0.9366	0.112	-0.6481	0.0156	-0.1712	-0.833	-1.1116	-0.074	0.2032	-0.2095	-0.5132	0.1509	0.7129	-1.1689	-1.3081	1.3494	-0.9403	0.8415	0.6368	-0.3828	-0.2324	-0.548	1.1624	-0.1238	-7.8584	-1.0793	-0.421	-0.1762	0.8455	0.8824	0.406	0.3234	-0.6822	0.1194	0.9213	-0.0598	-0.649	0.7649	-0.1108	-0.6428
RPS6KB1|p70S6K_pT389	-0.1905	0.4125	-0.0056	-0.795	0.2994	-0.2681	-1.1009	-1.4567	-0.1503	-0.8278	-2.0371	0.5379	-1.1304	-0.4849	1.9153	0.3886	2.1239	-1.1609	0.9284	-0.9097	0.6284	0.2916	1.5125	-0.6437	-0.6605	-0.4766	0.5747	-1.1136	0.6976	-0.8006	-1.082	-0.0727	-0.1995	-1.2007	0.0991	0.7436	-0.3198	-0.2539	-0.2289	0.7816	-0.2871	0.663	-0.1623	0.1679	-0.0799	-0.4566	0.031	-0.6194	-0.355	0.4311	-0.2917	-1.2549	-1.4226	0.8282	-0.2235	-0.9249	-0.1161	-0.4117	0.1252	0.3168	-1.3063
RPS6KA1|p90RSK	-0.2303	0.5618	-1.2715	0.8725	-0.6564	-0.3562	-0.7231	-0.9656	-0.1674	-0.5724	-2.2399	1.5878	-2.6324	-0.0822	0.4485	1.4089	0.5943	-0.943	0.2338	-0.4708	-0.9125	-0.8836	0.1313	1.23	-1.4269	-1.5197	-0.0143	0.5616	0.555	-0.9707	-1.0906	0.2849	-0.6803	-1.4452	0.3974	1.6084	0.6935	-0.7693	0.6925	-0.1535	-0.5892	-0.4753	1.0328	0.5723	-0.0311	-1.4921	0.6615	-0.5851	0.8144	1.1907	0.1379	-0.1209	-0.8327	0.5844	0.3951	-1.473	-0.0537	0.0589	0.0738	-0.0375	-1.1029
RPS6KA1|p90RSK_pT359_S363	-0.0781	-0.4706	0.8134	-1.0231	-0.2253	0.3536	0.0977	0.7535	2.4345	-1.1518	-1.8535	-1.0653	-0.307	1.5938	-0.1059	-0.1284	-1.2415	-0.6888	0.1113	0.4921	-0.4282	-0.8012	-0.7602	0.9966	0.6022	1.7716	-1.068	1.6423	-1.0327	0.8943	1.8501	-0.2618	1.5343	1.6219	0.0515	0.4354	-0.7365	0.7681	-0.6658	-0.3226	0.4566	-0.2661	-0.4873	-0.8273	-0.3516	0.2389	-0.1597	0.0412	-0.1131	-1.2673	0.2831	-0.6249	-0.2587	-0.7047	0.6403	0.2634	0.1685	-0.0418	0.077	0.2615	0.0315
